10 6 -24 -10 
73 20 -57 -5 
15 -54 27 27 
62 93 0 -4 
-54 -64 98 54 
86 -23 -81 38 
-14 37 15 -52 
-24 26 61 -66 
9 99 90 -23 
11 -29 -20 31 
-71 72 45 -9 
-34 43 21 -18 
59 97 -80 -59 
-6 -58 -92 -22 
-11 -68 99 68 
-50 85 -26 -1 
-2 -36 96 -16 
-88 34 94 4 
2 -73 -63 36 
-32 -28 7 7 
32 6 -27 4 
-1 14 -49 7 
13 77 84 7 
3 31 66 35 
-29 90 29 -10 
-57 81 57 -9 
4 -51 -63 -4 
-15 41 -18 1 
-37 95 -19 -23 
-7 -68 63 68 
-32 -84 0 84 
-49 61 26 -7 
-8 -42 63 14 
11 -41 -99 41 
25 -39 -78 65 
-25 95 1 -79 
9 -40 13 9 
33 -58 -93 67 
-4 -23 -11 4 
-40 94 -25 -34 
13 -48 -33 41 
5 72 -87 5 
36 0 -63 -21 
19 -49 -8 19 
-63 89 100 -63 
3 34 -43 3 
1 2 -48 88 
