1 2
1 2
2 5
3 5
4 5
4 11
7 11
9 11
7 17
13 17
14 17
8 37
21 37
24 37
13 43
25 43
34 43
25 83
38 83
74 83
14 109
67 109
71 109
12 113
41 113
48 113
5 137
34 137
83 137
43 223
69 223
141 223
131 229
192 229
223 229
58 239
104 239
109 239
102 241
136 241
216 241
60 257
196 257
228 257
43 271
64 271
200 271
46 281
227 281
256 281
86 283
103 283
273 283
37 347
76 347
106 347
240 349
257 349
334 349
18 373
146 373
351 373
90 383
142 383
201 383
110 389
182 389
245 389
21 449
172 449
202 449
134 457
104 461
165 461
367 461
136 467
286 467
339 467
196 479
366 479
458 479
56 491
366 491
378 491
38 499
303 499
472 499
295 521
303 521
381 521
6 541
91 541
108 541
57 557
343 557
368 557
69 571
332 571
529 571
31 593
154 593
336 593
201 617
472 617
486 617
263 631
460 631
620 631
261 643
373 643
413 643
279 673
358 673
627 673
430 677
576 677
604 677
82 683
371 683
659 683
554 691
576 691
686 691
124 727
300 727
396 727
75 797
86 797
140 797
249 809
473 809
797 809
29 821
369 821
733 821
166 823
353 823
409 823
185 827
409 827
752 827
134 829
366 829
642 829
17 857
253 857
482 857
200 859
598 859
600 859
257 877
346 877
605 877
277 887
302 887
421 887
65 919
411 919
560 919
216 941
441 941
639 941
282 971
638 971
660 971
85 997
564 997
724 997
331 1019
589 1019
738 1019
124 1031
292 1031
746 1031
53 1039
99 1039
1019 1039
15 1049
974 1049
980 1049
447 1051
483 1051
780 1051
394 1097
709 1097
956 1097
205 1129
381 1129
404 1129
732 1151
792 1151
924 1151
533 1153
583 1153
1048 1153
98 1171
169 1171
467 1171
85 1201
439 1201
529 1201
106 1223
198 1223
1074 1223
383 1283
487 1283
1217 1283
166 1291
712 1291
1222 1291
20 1297
273 1297
844 1297
258 1303
507 1303
703 1303
214 1307
740 1307
1172 1307
46 1321
202 1321
910 1321
578 1327
940 1327
1304 1327
603 1361
642 1361
1309 1361
404 1367
539 1367
597 1367
205 1373
599 1373
1086 1373
904 1381
1023 1381
1355 1381
132 1439
714 1439
775 1439
188 1451
302 1451
419 1451
379 1459
948 1459
1046 1459
813 1471
969 1471
1346 1471
408 1481
1021 1481
1350 1481
253 1499
922 1499
1263 1499
1111 1531
1419 1531
1491 1531
329 1543
334 1543
1075 1543
769 1553
1005 1553
1140 1553
479 1571
1021 1571
1055 1571
1210 1597
1272 1597
1313 1597
244 1613
748 1613
1228 1613
28 1621
60 1621
522 1621
92 1627
337 1627
590 1627
282 1667
1201 1667
1228 1667
444 1693
600 1693
1286 1693
299 1723
318 1723
462 1723
274 1741
719 1741
1403 1741
385 1801
1468 1801
1526 1801
184 1811
188 1811
762 1811
462 1823
1678 1823
1736 1823
444 1871
756 1871
907 1871
429 1913
438 1913
809 1913
536 1933
798 1933
1326 1933
958 1949
1782 1949
1891 1949
958 1949
1782 1949
1891 1949
241 2011
1261 2011
1768 2011
1065 2029
1809 2029
1947 2029
718 2069
984 2069
1145 2069
1619 2099
1842 2099
2051 2099
314 2111
559 2111
1504 2111
1007 2113
1367 2113
1590 2113
67 2137
607 2137
1198 2137
822 2221
982 2221
1252 2221
872 2243
976 2243
1799 2243
141 2251
448 2251
820 2251
796 2269
859 2269
1467 2269
408 2281
510 2281
1080 2281
690 2287
939 2287
946 2287
329 2293
762 2293
2064 2293
476 2339
1313 2339
2014 2339
796 2371
1524 2371
1535 2371
930 2393
1743 2393
1816 2393
1301 2399
1659 2399
2140 2399
76 2459
459 2459
1004 2459
120 2467
539 2467
885 2467
170 2503
693 2503
1955 2503
1724 2557
2073 2557
2278 2557
352 2617
2110 2617
2447 2617
121 2621
1279 2621
2206 2621
239 2633
662 2633
1405 2633
1015 2657
1802 2657
2167 2657
854 2659
1262 2659
2207 2659
628 2687
2427 2687
2657 2687
908 2699
1104 2699
2376 2699
1250 2731
1467 2731
1723 2731
1041 2741
1215 2741
1515 2741
40 2753
1171 2753
1200 2753
81 2767
855 2767
2179 2767
748 2797
962 2797
2138 2797
68 2833
2537 2833
2709 2833
741 2851
1540 2851
2354 2851
59 2879
546 2879
2636 2879
1674 2903
1730 2903
2767 2903
530 2927
1343 2927
1422 2927
1505 2957
2679 2957
2841 2957
490 2971
1847 2971
2493 2971
227 2999
836 2999
2313 2999
1678 3023
1862 3023
2886 3023
125 3089
1121 3089
1459 3089
10 3119
693 3119
2808 3119
383 3167
985 3167
2197 3167
1861 3191
1918 3191
3004 3191
701 3203
1454 3203
3052 3203
653 3209
2328 3209
3038 3209
1353 3221
1427 3221
1651 3221
83 3253
119 3253
1020 3253
354 3299
439 3299
1271 3299
1282 3307
1768 3307
2326 3307
161 3313
352 3313
2388 3313
62 3347
2085 3347
3294 3347
995 3359
2884 3359
3261 3359
1674 3371
1753 3371
2053 3371
1113 3373
1641 3373
1886 3373
73 3433
1192 3433
1741 3433
102 3449
922 3449
1996 3449
102 3449
922 3449
1996 3449
102 3449
922 3449
1996 3449
102 3449
922 3449
1996 3449
1867 3469
3182 3469
3192 3469
16 3539
2434 3539
3303 3539
777 3547
2354 3547
2635 3547
244 3571
2328 3571
3233 3571
267 3613
1725 3613
2978 3613
321 3631
691 3631
3075 3631
1301 3673
2093 3673
3495 3673
1010 3677
1723 3677
2325 3677
336 3739
2349 3739
3393 3739
857 3761
2994 3761
3203 3761
647 3769
951 3769
1702 3769
74 3793
1247 3793
2000 3793
1386 3863
1442 3863
1520 3863
659 3931
2312 3931
3419 3931
1153 3943
1174 3943
2111 3943
1509 3947
2376 3947
2531 3947
520 4003
2391 4003
3596 4003
941 4013
1951 4013
2628 4013
1661 4027
1948 4027
2937 4027
1219 4049
2449 4049
3926 4049
645 4073
1245 4073
1676 4073
351 4079
1105 4079
3135 4079
1324 4091
1509 4091
3817 4091
464 4093
2157 4093
3009 4093
87 4111
190 4111
239 4111
77 4129
3701 4129
3966 4129
1614 4133
1645 4133
2426 4133
1204 4153
3214 4153
3371 4153
451 4157
1321 4157
3946 4157
1286 4177
2789 4177
3759 4177
51 4201
84 4201
3543 4201
1325 4241
3232 4241
3397 4241
11 4261
426 4261
1163 4261
1496 4273
2721 4273
3797 4273
1068 4283
1999 4283
3895 4283
2370 4289
2388 4289
3286 4289
452 4339
2309 4339
4292 4339
2024 4363
2508 4363
2560 4363
245 4409
3632 4409
4392 4409
1581 4457
2510 4457
4268 4457
657 4483
2262 4483
4368 4483
149 4513
1576 4513
2226 4513
1496 4549
1777 4549
2984 4549
2710 4591
3403 4591
3645 4591
3098 4597
3270 4597
4552 4597
805 4657
1320 4657
1952 4657
47 4663
1926 4663
3275 4663
742 4679
1225 4679
3299 4679
45 4691
3305 4691
4275 4691
1643 4793
3490 4793
3856 4793
582 4799
1462 4799
3357 4799
387 4801
1316 4801
2500 4801
2049 4817
3257 4817
3728 4817
19 4861
270 4861
1536 4861
954 4919
2204 4919
2378 4919
3103 4943
3230 4943
4173 4943
751 4973
1903 4973
4186 4973
701 4987
3679 4987
3726 4987
1236 4993
4051 4993
4077 4993
2014 5011
2402 5011
3729 5011
198 5023
483 5023
4972 5023
364 5059
821 5059
1979 5059
1481 5077
2027 5077
3475 5077
1361 5081
3142 5081
5026 5081
496 5101
2027 5101
4493 5101
744 5107
3591 5107
3966 5107
42 5113
2120 5113
2314 5113
340 5197
1717 5197
5091 5197
647 5209
4421 5209
4701 5209
2569 5227
2872 5227
3055 5227
3238 5237
4418 5237
4784 5237
1593 5261
1920 5261
3723 5261
2722 5297
2959 5297
4253 5297
1482 5323
2095 5323
5075 5323
338 5347
3244 5347
5109 5347
716 5393
822 5393
3183 5393
775 5399
1039 5399
4262 5399
91 5441
665 5441
4007 5441
2867 5479
4093 5479
4685 5479
1130 5483
3283 5483
4499 5483
1419 5501
2091 5501
4056 5501
809 5521
1284 5521
2740 5521
377 5527
2690 5527
3153 5527
1610 5569
3475 5569
5359 5569
441 5669
798 5669
889 5669
338 5741
2294 5741
5264 5741
632 5813
2386 5813
4977 5813
1824 5827
2295 5827
5352 5827
2466 5857
2939 5857
5579 5857
26 5861
3751 5861
4284 5861
1164 5867
3746 5867
4626 5867
30 5897
610 5897
4522 5897
214 5939
474 5939
3026 5939
1010 5981
2294 5981
4922 5981
339 6029
767 6029
1157 6029
2467 6089
3405 6089
5547 6089
1022 6101
1464 6101
5905 6101
32 6113
192 6113
5127 6113
447 6151
2910 6151
3565 6151
1470 6197
1995 6197
5058 6197
1441 6211
3498 6211
5156 6211
459 6263
1461 6263
5128 6263
819 6277
2586 6277
5228 6277
1241 6311
1990 6311
3871 6311
4215 6343
4469 6343
4797 6343
1027 6361
4572 6361
6330 6361
348 6373
3563 6373
4854 6373
1369 6397
3328 6397
4101 6397
2226 6481
3775 6481
6153 6481
384 6491
1404 6491
2271 6491
1992 6581
2522 6581
4537 6581
190 6599
2060 6599
5176 6599
1001 6637
3803 6637
4324 6637
2415 6673
3530 6673
6569 6673
420 6679
1068 6679
6028 6679
2243 6689
4516 6689
5785 6689
33 6719
1019 6719
6509 6719
140 6781
4293 6781
4893 6781
627 6791
3012 6791
4003 6791
1500 6823
6310 6823
6691 6823
921 6833
5825 6833
6068 6833
1809 6857
4705 6857
6345 6857
688 6863
979 6863
6056 6863
1241 6871
1280 6871
5211 6871
241 6899
1696 6899
2377 6899
1965 6983
5925 6983
6951 6983
2941 6991
5851 6991
6066 6991
1710 7027
3383 7027
6328 7027
990 7127
2760 7127
4270 7127
1141 7129
5543 7129
6685 7129
851 7151
1691 7151
5505 7151
1134 7177
1799 7177
3349 7177
2649 7187
4247 7187
4785 7187
3842 7207
5098 7207
6377 7207
2688 7219
3901 7219
5144 7219
163 7229
3436 7229
6343 7229
2042 7307
3175 7307
6659 7307
967 7333
1875 7333
7243 7333
628 7349
2634 7349
6845 7349
2588 7369
3956 7369
7275 7369
2741 7417
4961 7417
6207 7417
90 7433
1405 7433
5011 7433
128 7499
5801 7499
6259 7499
5088 7541
6235 7541
6589 7541
1200 7549
3211 7549
5971 7549
2389 7559
6538 7559
7138 7559
4176 7583
5316 7583
6624 7583
5502 7603
7025 7603
7433 7603
1174 7621
4353 7621
4954 7621
1130 7669
3179 7669
6238 7669
22 7681
1463 7681
5238 7681
22 7681
1463 7681
5238 7681
1133 7727
2463 7727
5099 7727
170 7753
367 7753
6249 7753
2118 7759
6982 7759
7390 7759
596 7789
2471 7789
7645 7789
4405 7823
5359 7823
6862 7823
5704 7853
5782 7853
7167 7853
375 7877
3950 7877
6508 7877
2567 7879
7039 7879
7139 7879
619 7883
1491 7883
2819 7883
1862 7937
5506 7937
7516 7937
448 7951
1971 7951
6528 7951
1650 8011
5101 8011
6269 8011
1638 8039
1817 8039
5591 8039
