2 3
4 5
1 11
5 13
4 23
17 23
19 23
20 29
23 31
4 37
35 41
20 43
6 53
39 53
54 59
57 61
11 67
40 67
49 67
7 73
28 73
47 73
75 83
6 89
24 89
33 89
65 101
72 101
79 101
59 103
79 107
71 109
88 113
71 131
20 139
62 139
134 139
75 149
77 151
107 157
59 163
60 167
86 173
68 181
71 181
81 181
15 191
83 193
2 197
30 197
65 197
5 211
72 223
103 227
64 229
102 229
137 229
139 233
192 239
168 241
188 241
215 241
16 251
151 251
196 251
149 257
32 263
250 277
46 281
122 281
260 281
21 283
52 293
94 293
138 293
7 307
36 313
56 317
84 317
138 317
192 347
300 349
72 359
174 359
229 359
25 367
169 367
269 367
39 373
54 373
211 379
15 383
206 383
327 383
352 389
331 397
242 401
225 419
11 431
257 431
289 431
76 433
112 443
208 443
382 443
404 461
189 467
400 479
201 487
180 499
300 509
519 521
254 547
403 547
538 547
347 557
427 569
392 577
79 593
590 593
447 607
3 613
138 613
406 613
500 617
352 631
608 643
473 659
561 659
649 659
197 661
24 673
194 673
279 673
654 683
244 691
21 709
700 719
323 727
546 733
75 739
577 743
26 751
508 757
336 761
136 769
23 773
469 773
614 773
49 787
188 787
211 787
175 809
255 811
302 821
274 823
713 829
35 839
206 863
353 863
543 863
100 877
275 877
529 877
358 881
310 883
433 887
97 911
391 911
409 911
226 929
574 929
715 929
480 937
904 941
110 967
293 967
445 967
677 971
447 977
318 997
918 1009
91 1013
692 1019
884 1021
332 1039
16 1061
163 1063
134 1087
259 1087
393 1087
56 1091
457 1097
727 1109
420 1117
1091 1129
199 1153
303 1153
1059 1153
1097 1171
844 1181
537 1187
368 1193
142 1201
259 1201
412 1201
440 1217
758 1217
899 1217
475 1223
172 1229
8 1237
295 1237
306 1237
426 1277
272 1279
314 1289
1175 1289
1208 1289
1108 1291
149 1297
349 1301
957 1303
638 1319
318 1321
245 1361
1068 1409
55 1427
780 1427
1075 1427
287 1429
433 1429
731 1429
721 1451
426 1459
1026 1459
1264 1459
1020 1471
1056 1471
1296 1471
1455 1483
1005 1499
590 1523
17 1543
395 1549
652 1553
1312 1559
238 1567
962 1567
1259 1567
224 1579
277 1579
495 1579
76 1607
257 1613
1418 1619
194 1621
1165 1621
1484 1621
572 1627
739 1627
1117 1627
1290 1637
1000 1657
543 1663
512 1667
981 1669
189 1693
424 1693
507 1693
263 1697
1089 1697
1311 1697
717 1699
1035 1709
1197 1721
554 1733
1106 1741
750 1747
862 1759
794 1777
1655 1783
1706 1787
328 1789
808 1789
1231 1789
1457 1801
862 1823
369 1861
304 1873
316 1873
475 1873
1666 1877
1022 1879
1871 1889
678 1907
502 1933
452 1949
247 1951
1401 1973
305 1979
445 1979
955 1979
