2 3
1 11
2 11
5 11
7 11
1 13
6 13
11 13
12 13
12 19
14 23
15 23
21 23
23 31
5 71
20 71
54 71
67 71
9 107
14 107
18 107
70 107
41 131
116 131
118 131
122 131
9 157
25 157
30 157
97 157
59 167
73 167
88 167
118 167
18 227
117 227
143 227
180 227
66 229
87 229
123 229
186 229
6 311
58 311
264 311
298 311
34 347
139 347
242 347
283 347
54 349
176 349
223 349
249 349
94 373
161 373
187 373
308 373
157 409
306 409
383 409
385 409
225 419
250 419
384 419
402 419
80 421
102 421
304 421
360 421
93 431
142 431
280 431
351 431
117 433
149 433
201 433
403 433
94 457
424 457
428 457
429 457
26 479
197 479
347 479
392 479
25 503
117 503
169 503
196 503
38 577
74 577
194 577
275 577
7 613
232 613
485 613
506 613
200 661
354 661
358 661
414 661
201 683
224 683
295 683
650 683
3 719
193 719
196 719
331 719
165 733
293 733
318 733
694 733
336 743
337 743
393 743
424 743
27 757
327 757
574 757
590 757
47 769
301 769
431 769
763 769
313 827
321 827
355 827
669 827
82 829
464 829
481 829
635 829
26 839
324 839
567 839
765 839
81 887
128 887
184 887
498 887
151 911
232 911
594 911
849 911
11 937
294 937
770 937
803 937
34 947
449 947
482 947
933 947
506 983
626 983
841 983
980 983
360 1021
376 1021
602 1021
708 1021
266 1031
279 1031
680 1031
841 1031
136 1033
148 1033
160 1033
593 1033
244 1069
514 1069
655 1069
729 1069
644 1091
722 1091
951 1091
960 1091
305 1151
369 1151
765 1151
867 1151
134 1163
160 1163
272 1163
601 1163
68 1187
225 1187
420 1187
478 1187
50 1237
108 1237
154 1237
929 1237
201 1249
459 1249
821 1249
1021 1249
4 1319
94 1319
605 1319
620 1319
556 1367
1070 1367
1228 1367
1251 1367
225 1381
391 1381
921 1381
1229 1381
153 1429
672 1429
790 1429
1247 1429
518 1439
1184 1439
1258 1439
1361 1439
372 1451
1191 1451
1353 1451
1441 1451
99 1453
150 1453
447 1453
761 1453
181 1499
436 1499
929 1499
1456 1499
628 1523
714 1523
721 1523
987 1523
52 1549
68 1549
185 1549
1248 1549
396 1559
488 1559
704 1559
1534 1559
391 1571
818 1571
852 1571
1085 1571
160 1597
214 1597
387 1597
840 1597
458 1657
817 1657
920 1657
1123 1657
437 1753
747 1753
900 1753
1426 1753
373 1777
421 1777
1067 1777
1697 1777
1136 1789
1181 1789
1302 1789
1752 1789
613 1801
720 1801
915 1801
1358 1801
123 1847
247 1847
542 1847
939 1847
98 1861
317 1861
320 1861
1130 1861
1045 1907
1265 1907
1696 1907
1719 1907
20 1931
691 1931
1318 1931
1837 1931
118 1979
347 1979
468 1979
1050 1979
173 1993
434 1993
1624 1993
1759 1993
131 2003
717 2003
1262 2003
1900 2003
128 2053
544 2053
1696 2053
1742 2053
420 2063
822 2063
1030 2063
1858 2063
1334 2089
1468 2089
1711 2089
1758 2089
209 2111
1092 2111
1127 2111
1798 2111
352 2161
891 2161
1035 2161
2048 2161
446 2207
1005 2207
1319 2207
1648 2207
707 2267
1146 2267
1222 2267
1463 2267
399 2269
1131 2269
1179 2269
1833 2269
158 2293
688 2293
1748 2293
1996 2293
446 2339
879 2339
1593 2339
1764 2339
231 2351
615 2351
1878 2351
1982 2351
447 2389
817 2389
1505 2389
2013 2389
205 2411
405 2411
1875 2411
2341 2411
214 2459
553 2459
692 2459
1004 2459
207 2473
825 2473
1897 2473
2021 2473
500 2543
1005 2543
1278 2543
2307 2543
1409 2579
1889 2579
2183 2579
2260 2579
1056 2591
1133 2591
1431 2591
1566 2591
105 2593
1439 2593
1546 2593
2100 2593
1184 2617
1218 2617
1303 2617
1533 2617
335 2663
433 2663
945 2663
954 2663
1511 2677
1734 2677
2361 2677
2429 2677
929 2797
2292 2797
2495 2797
2679 2797
507 2819
1089 2819
1981 2819
2065 2819
88 2857
283 2857
654 2857
1836 2857
491 2879
873 2879
1635 2879
2763 2879
1630 2927
2003 2927
2249 2927
2903 2927
1238 2963
2338 2963
2474 2963
2843 2963
769 2999
928 2999
1662 2999
2643 2999
1307 3001
2051 3001
2762 3001
2887 3001
1427 3023
2007 3023
2803 3023
2836 3023
833 3061
1191 3061
1528 3061
2574 3061
1935 3083
2089 3083
2204 3083
3025 3083
210 3109
277 3109
447 3109
2179 3109
156 3167
343 3167
1226 3167
1446 3167
67 3181
1441 3181
2282 3181
2576 3181
563 3191
573 3191
2467 3191
2783 3191
484 3203
962 3203
1822 3203
3142 3203
977 3217
1672 3217
1714 3217
2075 3217
136 3229
338 3229
924 3229
1835 3229
663 3313
1271 3313
2279 3313
2417 3313
195 3359
1247 3359
2574 3359
2706 3359
303 3371
1445 3371
1794 3371
3204 3371
1166 3407
2729 3407
2979 3407
3351 3407
420 3433
1037 3433
2113 3433
3300 3433
274 3469
955 3469
2668 3469
3045 3469
1798 3491
2593 3491
2953 3491
3133 3491
244 3517
2122 3517
2174 3517
2498 3517
1866 3539
1954 3539
3340 3539
3461 3539
8 3613
109 3613
1416 3613
2084 3613
1184 3637
1337 3637
1705 3637
3052 3637
278 3673
1892 3673
2092 3673
3088 3673
413 3697
484 3697
1185 3697
1619 3697
1197 3767
1561 3767
1757 3767
3023 3767
864 3779
1857 3779
2052 3779
2789 3779
1111 3793
1516 3793
2366 3793
2597 3793
1063 3803
1747 3803
1907 3803
2893 3803
1976 3877
2759 3877
3299 3877
3601 3877
1500 3889
1873 3889
2069 3889
2340 3889
548 3947
1445 3947
2016 3947
3889 3947
361 4007
1663 4007
2501 4007
3493 4007
1161 4019
1773 4019
2380 4019
2728 4019
1008 4021
1696 4021
2596 4021
2746 4021
474 4091
2335 4091
2550 4091
2827 4091
721 4093
1903 4093
2682 4093
2884 4093
93 4129
247 4129
1472 4129
2321 4129
1810 4201
2446 4201
4170 4201
4181 4201
358 4211
2007 4211
2341 4211
3720 4211
793 4297
1712 4297
2780 4297
3313 4297
513 4391
2515 4391
2724 4391
3034 4391
278 4441
504 4441
3767 4441
4337 4441
828 4451
1469 4451
2830 4451
3779 4451
291 4513
395 4513
1619 4513
2212 4513
2051 4583
3195 4583
4146 4583
4361 4583
520 4657
1244 4657
3747 4657
3807 4657
2893 4703
3218 4703
3304 4703
4698 4703
1726 4787
2074 4787
2403 4787
3375 4787
418 4799
1073 4799
3528 4799
4583 4799
218 4813
667 4813
685 4813
3247 4813
1030 4861
1507 4861
3299 4861
3890 4861
1491 4909
2450 4909
2560 4909
3321 4909
1386 4919
1410 4919
2805 4919
4241 4919
936 4967
1814 4967
3033 4967
4155 4967
539 5003
1236 5003
1427 5003
1805 5003
246 5039
905 5039
1514 5039
2378 5039
1391 5101
2570 5101
2873 5101
3372 5101
968 5113
1037 5113
1099 5113
2013 5113
1039 5171
1324 5171
3683 5171
4300 5171
523 5231
2157 5231
3440 5231
4346 5231
230 5399
2535 5399
2667 5399
5370 5399
598 5449
2714 5449
3601 5449
3989 5449
920 5471
2085 5471
3234 5471
4707 5471
114 5519
1461 5519
4446 5519
5021 5519
15 5521
1465 5521
4163 5521
5403 5521
312 5531
571 5531
760 5531
3892 5531
395 5557
1151 5557
1945 5557
2070 5557
372 5639
1382 5639
4389 5639
5139 5639
1890 5651
1973 5651
2360 5651
5083 5651
2054 5653
2647 5653
3152 5653
3457 5653
1180 5737
1517 5737
3999 5737
4782 5737
692 5783
1658 5783
4171 5783
5049 5783
2101 5807
2554 5807
3035 5807
3928 5807
2547 5843
4333 5843
4941 5843
5712 5843
448 5857
542 5857
961 5857
3910 5857
47 5869
3091 5869
3105 5869
5499 5869
673 5879
2984 5879
3333 5879
4772 5879
1834 5881
2915 5881
3426 5881
3591 5881
1950 5927
2118 5927
3213 5927
4577 5927
3607 5939
4132 5939
4564 5939
5518 5939
695 5987
837 5987
4991 5987
5455 5987
1640 6011
2147 6011
2926 6011
5313 6011
730 6037
2701 6037
2960 6037
5687 6037
119 6047
1128 6047
1549 6047
3255 6047
24 6073
2504 6073
4349 6073
5273 6073
1627 6121
1810 6121
3429 6121
5380 6121
517 6131
1028 6131
2143 6131
2447 6131
685 6133
1022 6133
1387 6133
3043 6133
540 6143
1412 6143
4778 6143
5560 6143
765 6263
2835 6263
2987 6263
5943 6263
60 6277
1302 6277
2195 6277
2724 6277
377 6287
892 6287
983 6287
4039 6287
2102 6337
2767 6337
3247 6337
4562 6337
3918 6373
4976 6373
4984 6373
5245 6373
13 6469
854 6469
1662 6469
3944 6469
1747 6481
2479 6481
3551 6481
5189 6481
218 6491
3136 6491
3171 6491
6461 6491
1788 6529
1935 6529
3722 6529
5617 6529
1237 6551
1706 6551
4269 6551
5894 6551
2359 6553
4614 6553
6283 6553
6407 6553
586 6577
1311 6577
1902 6577
2782 6577
1157 6599
1714 6599
4506 6599
5825 6599
440 6659
1085 6659
5797 6659
6000 6659
4172 6673
4490 6673
4960 6673
6401 6673
1272 6733
1983 6733
5087 6733
5128 6733
3014 6781
5370 6781
5580 6781
6383 6781
1109 6803
3655 6803
3983 6803
4863 6803
1999 6827
3542 6827
3970 6827
4147 6827
31 6863
1372 6863
1537 6863
3927 6863
1372 6899
1482 6899
1993 6899
2056 6899
372 6947
2654 6947
4989 6947
5883 6947
161 6949
902 6949
2809 6949
3081 6949
1612 6959
3278 6959
4296 6959
4736 6959
917 6961
935 6961
945 6961
4168 6961
2322 7043
4945 7043
6835 7043
7031 7043
1453 7057
4004 7057
4218 7057
4443 7057
352 7079
2135 7079
2208 7079
2388 7079
3903 7103
5197 7103
5435 7103
6778 7103
1322 7151
4087 7151
4211 7151
4686 7151
45 7211
631 7211
1639 7211
4900 7211
1072 7247
3249 7247
4719 7247
5458 7247
355 7283
2115 7283
4961 7283
7139 7283
469 7297
3553 7297
4911 7297
5665 7297
2517 7307
3101 7307
4060 7307
4940 7307
207 7309
1563 7309
2334 7309
3209 7309
978 7369
3527 7369
4615 7369
5622 7369
1707 7393
3367 7393
3634 7393
6082 7393
5144 7451
5538 7451
5765 7451
5910 7451
2284 7487
2340 7487
3662 7487
6692 7487
527 7489
3849 7489
4272 7489
6334 7489
370 7549
2844 7549
4636 7549
7252 7549
2708 7559
5963 7559
6969 7559
7041 7559
2186 7561
2497 7561
4711 7561
5732 7561
530 7573
1203 7573
6249 7573
7168 7573
547 7643
3540 7643
3665 7643
7538 7643
4644 7669
5554 7669
5700 7669
7113 7669
2307 7691
3501 7691
3884 7691
5694 7691
743 7717
4550 7717
4835 7717
5310 7717
69 7753
1409 7753
1829 7753
4450 7753
355 7823
4721 7823
4960 7823
5614 7823
58 7873
563 7873
3007 7873
4249 7873
668 7883
2534 7883
4854 7883
7714 7883
542 7919
3512 7919
4168 7919
7620 7919
609 8087
2188 8087
5953 8087
7428 8087
638 8101
2497 8101
6497 8101
6574 8101
5062 8123
5502 8123
5883 8123
7926 8123
3301 8161
6544 8161
6686 8161
7956 8161
3778 8171
6790 8171
6965 8171
6984 8171
1809 8209
1900 8209
5635 8209
7078 8209
1333 8231
1662 8231
6331 8231
7140 8231
1359 8291
3667 8291
4849 8291
6711 8291
3136 8317
3485 8317
4369 8317
5648 8317
1416 8329
3052 8329
5408 8329
6786 8329
437 8377
1054 8377
3049 8377
3841 8377
897 8387
3092 8387
4456 8387
8333 8387
2697 8389
2867 8389
4071 8389
7147 8389
205 8521
607 8521
1048 8521
6665 8521
521 8581
2898 8581
6261 8581
7486 8581
472 8663
2135 8663
2279 8663
3781 8663
1498 8689
2031 8689
2131 8689
3033 8689
463 8699
3915 8699
5714 8699
7310 8699
598 8713
800 8713
7635 8713
8397 8713
2038 8737
2975 8737
4293 8737
8172 8737
497 8783
3007 8783
6672 8783
7394 8783
