1 3
2 3
1 7
5 7
6 7
8 11
1 13
9 17
4 23
28 31
31 37
25 41
21 43
12 47
25 47
40 47
24 53
2 71
17 71
24 71
46 73
3 79
35 97
78 103
30 107
68 107
100 107
76 113
5 127
125 151
6 157
20 157
108 157
27 163
39 167
44 181
139 193
85 197
38 199
147 211
183 229
128 239
194 241
44 251
215 257
96 263
164 269
128 271
115 277
88 281
52 283
76 293
271 307
67 311
280 313
14 317
77 317
244 317
238 347
324 353
119 359
175 359
344 359
50 367
28 383
34 383
297 383
275 389
78 397
297 409
181 419
218 421
236 431
247 439
64 461
222 463
441 467
170 487
207 487
333 487
346 491
362 499
235 509
375 521
142 523
486 541
301 547
270 557
278 563
209 569
448 571
320 577
104 587
276 587
476 587
268 593
377 599
82 601
156 607
178 607
187 607
418 619
586 619
592 619
399 631
26 641
122 647
384 647
567 647
425 673
85 683
103 691
129 701
93 709
224 719
247 719
664 719
513 727
221 733
501 733
699 733
419 739
7 751
237 751
521 751
687 757
16 761
66 761
541 761
527 769
59 797
186 797
280 797
9 811
166 821
571 821
592 821
525 823
110 827
429 827
502 827
475 829
685 839
255 859
385 863
772 877
535 883
437 887
336 907
829 911
424 919
791 929
645 937
131 941
379 947
798 953
110 967
277 967
637 967
957 971
891 977
143 983
196 991
373 997
909 1009
631 1019
746 1021
1002 1039
72 1049
925 1051
107 1063
599 1063
930 1063
114 1069
222 1087
156 1093
98 1103
485 1117
321 1123
1095 1153
838 1163
370 1171
38 1181
577 1187
871 1193
432 1213
515 1217
17 1229
29 1229
420 1229
908 1231
1109 1249
21 1259
938 1277
1135 1297
215 1303
597 1307
1203 1319
193 1327
757 1361
693 1373
773 1381
767 1399
1115 1409
423 1423
913 1423
1139 1423
51 1429
198 1429
293 1429
403 1433
763 1439
996 1439
1377 1439
492 1453
623 1459
772 1471
148 1481
282 1483
545 1487
413 1489
1068 1493
661 1499
1188 1511
713 1531
1505 1549
869 1553
129 1559
810 1567
859 1567
1558 1567
19 1571
51 1579
395 1597
941 1607
986 1607
1061 1607
1608 1621
1385 1627
1376 1657
1391 1663
306 1669
1390 1693
144 1697
299 1697
676 1697
1551 1699
1168 1721
707 1723
1687 1733
1212 1741
285 1747
1280 1747
1334 1747
1748 1753
550 1759
1282 1759
1298 1759
813 1777
36 1787
1046 1787
1526 1787
502 1789
639 1789
969 1789
141 1801
649 1823
1236 1823
1286 1823
330 1831
729 1831
1540 1831
1791 1861
965 1867
1000 1871
1218 1873
1294 1877
697 1889
1819 1907
1520 1913
1567 1931
379 1933
595 1949
1833 1951
685 1973
