1 3
3 5
4 5
1 7
3 7
4 7
2 11
7 11
10 11
3 13
7 13
6 23
9 23
10 23
21 23
11 37
12 37
16 37
33 37
7 71
27 71
31 71
60 71
11 79
28 79
39 79
72 79
34 89
63 89
50 113
73 113
84 113
103 113
23 139
85 139
92 139
121 139
6 163
9 163
62 163
66 163
16 193
37 193
91 193
135 193
26 199
113 199
184 199
192 199
8 397
73 397
171 397
205 397
63 401
98 401
243 401
344 401
25 449
90 449
319 449
339 449
227 457
293 457
367 457
422 457
39 461
136 461
141 461
280 461
250 479
253 479
358 479
374 479
180 503
282 503
307 503
384 503
38 509
56 509
154 509
337 509
