1 2
4 7
5 7
3 11
6 11
3 13
4 13
13 23
15 23
22 29
27 29
4 31
12 31
24 41
37 41
29 43
33 43
19 47
30 47
2 53
34 59
5 67
47 67
52 71
66 71
36 73
19 79
50 83
71 83
19 89
47 109
90 109
53 113
96 113
75 127
60 131
127 131
27 149
104 149
45 151
70 173
130 179
132 179
21 181
107 191
163 191
35 193
71 197
133 223
163 223
69 227
140 227
171 233
193 251
210 251
14 277
179 281
194 281
16 283
159 307
149 337
18 349
119 349
105 353
160 367
174 367
163 373
283 373
198 379
249 379
47 397
349 397
366 401
372 409
379 409
189 419
210 431
306 433
387 433
97 439
177 439
309 443
182 449
287 449
338 461
193 467
282 467
97 487
266 487
447 491
308 523
143 541
509 541
124 557
334 557
186 569
529 569
56 577
476 577
12 587
259 593
591 599
117 601
