1 2
1 3
5 7
8 11
7 13
3 17
8 23
2 29
21 29
26 29
27 29
15 31
7 37
15 43
13 47
16 61
9 71
8 83
9 83
52 83
59 83
41 89
73 97
17 101
29 101
39 101
70 101
31 103
80 109
96 113
11 127
30 127
50 127
103 127
43 137
81 139
104 149
32 151
134 151
32 157
158 163
11 167
109 173
47 181
135 191
119 193
116 197
98 199
108 227
89 233
78 239
58 241
205 251
211 257
209 263
183 269
101 271
158 277
4 281
180 307
69 313
32 317
28 337
244 347
37 349
276 353
180 373
290 379
37 383
56 383
159 383
326 383
105 397
359 401
34 419
118 421
71 431
169 439
270 443
222 449
448 457
119 463
461 467
269 487
275 491
314 499
408 509
38 541
