1 2
1 3
1 11
8 13
8 17
15 19
12 23
15 23
8 29
15 31
3 43
14 43
14 47
11 53
32 59
58 59
55 61
15 73
27 73
62 73
7 89
45 89
63 103
129 131
35 137
131 137
38 163
6 167
92 173
13 181
152 181
35 197
136 197
28 199
8 211
48 223
131 223
98 229
3 233
37 233
30 263
206 263
21 269
157 269
166 269
188 271
197 271
95 281
2 283
100 283
217 283
108 293
282 293
185 307
148 311
58 313
58 317
113 317
178 337
217 347
45 353
136 353
231 353
88 367
7 373
356 373
191 379
334 379
349 379
74 383
249 383
87 389
142 389
318 389
216 397
296 397
111 401
197 419
256 419
171 421
275 421
328 421
170 433
421 433
47 439
95 439
278 439
71 443
76 443
249 443
404 457
283 461
39 467
35 479
31 487
144 487
108 503
331 557
539 557
543 569
205 571
231 571
225 577
428 577
232 593
245 593
501 593
245 599
265 617
330 619
573 619
52 641
424 641
615 643
107 647
199 647
275 647
45 659
354 659
372 661
300 673
91 683
302 683
303 683
347 683
445 683
353 701
572 709
248 719
161 739
259 739
664 743
426 751
49 757
61 757
455 757
331 761
548 761
14 769
471 769
657 769
66 773
523 773
315 787
438 797
94 821
227 821
224 827
116 829
633 829
318 853
614 853
617 857
878 881
33 883
249 883
533 883
413 887
584 911
240 919
545 919
811 919
289 929
432 929
245 937
362 937
731 941
124 947
376 953
6 971
123 977
369 977
257 1019
962 1031
569 1033
845 1033
720 1039
890 1039
362 1049
93 1063
399 1109
612 1109
1082 1109
775 1117
784 1117
871 1117
51 1123
623 1123
112 1129
827 1129
175 1151
482 1151
763 1163
798 1181
498 1187
634 1187
919 1187
223 1193
131 1201
271 1201
633 1201
655 1201
773 1201
431 1213
484 1217
661 1229
946 1229
1049 1231
310 1249
403 1249
662 1277
231 1279
698 1279
462 1289
114 1291
582 1291
413 1297
922 1307
1031 1307
388 1327
252 1367
790 1373
499 1399
1149 1409
1225 1409
414 1423
317 1429
419 1429
499 1439
873 1439
915 1439
941 1439
1236 1439
719 1447
773 1447
160 1451
286 1451
606 1481
542 1487
628 1489
155 1493
153 1511
798 1511
1040 1511
803 1523
39 1531
1021 1531
122 1549
563 1549
1255 1549
1390 1549
1515 1549
1374 1553
1497 1553
1123 1559
1233 1559
109 1579
922 1579
1419 1579
60 1583
1318 1597
1377 1597
1108 1607
867 1609
881 1619
1148 1619
1200 1637
1206 1637
148 1657
992 1657
21 1669
379 1669
61 1693
1304 1693
857 1697
446 1699
1117 1699
1705 1709
139 1721
139 1723
13 1733
423 1733
937 1733
1569 1741
1051 1747
1618 1747
1690 1747
98 1753
303 1759
1523 1777
1575 1789
621 1801
623 1811
733 1811
388 1823
1101 1831
1811 1831
1158 1847
944 1861
18 1867
670 1867
1382 1867
1358 1871
1538 1873
1049 1907
1187 1913
364 1931
856 1931
1172 1931
885 1951
1906 1951
307 1973
1518 1973
1536 1973
615 1987
718 1993
641 1997
211 1999
1249 1999
1374 1999
490 2003
266 2011
998 2011
1636 2011
1285 2053
1593 2053
1484 2063
99 2081
762 2081
677 2083
1840 2083
1905 2083
1983 2087
512 2089
1407 2089
2062 2089
604 2099
608 2099
656 2099
216 2111
888 2111
195 2113
695 2129
239 2143
989 2143
650 2207
719 2207
1387 2207
1891 2207
2030 2207
1066 2213
1046 2243
1831 2243
1734 2267
1941 2267
2030 2267
450 2269
1925 2269
1959 2269
2123 2281
359 2293
1392 2297
1034 2309
1838 2311
386 2333
1986 2339
1490 2351
1679 2351
2031 2351
538 2371
211 2389
263 2389
1373 2389
1709 2389
2079 2389
1810 2423
1643 2441
605 2459
554 2467
140 2521
2018 2531
2517 2539
2454 2549
1943 2551
1618 2557
2204 2557
878 2591
1883 2593
788 2609
1755 2609
1933 2617
903 2633
1595 2633
1785 2647
2519 2647
249 2657
1594 2657
1032 2659
2666 2671
449 2677
108 2683
62 2687
1474 2689
1299 2711
973 2729
1108 2741
2203 2741
566 2749
2321 2753
1643 2777
1792 2789
74 2797
355 2797
2644 2797
2530 2801
2330 2803
1453 2837
446 2843
481 2851
2036 2861
1357 2879
1724 2879
963 2887
2652 2887
2082 2897
2159 2897
2255 2897
341 2909
1798 2909
2885 2953
947 2957
2519 2963
17 2969
630 2969
1405 2969
1792 2999
1824 2999
200 3001
1588 3001
2448 3011
2149 3019
2822 3023
631 3037
329 3067
368 3067
2736 3067
1802 3083
384 3089
1876 3109
663 3119
1410 3163
442 3169
1079 3169
2331 3169
1523 3181
703 3209
476 3217
1189 3251
398 3253
1196 3253
94 3259
916 3271
3131 3299
1198 3301
1524 3301
2806 3313
986 3323
1445 3323
1887 3329
884 3331
1109 3343
3265 3343
2068 3347
2253 3347
678 3359
1386 3359
2665 3359
1168 3371
1293 3371
2048 3391
2383 3407
3081 3407
3302 3407
1949 3413
292 3449
974 3449
3170 3449
3311 3457
734 3463
1609 3467
1749 3467
1829 3467
2768 3467
2801 3467
3257 3469
212 3499
952 3499
2097 3511
1251 3517
461 3527
1201 3527
2346 3527
226 3529
1601 3533
2725 3533
1504 3539
891 3541
2511 3541
2633 3541
1591 3547
2786 3547
3482 3547
1054 3557
26 3559
40 3559
256 3559
247 3581
988 3593
483 3607
2185 3623
3534 3623
1587 3637
2602 3637
350 3659
1249 3659
3249 3659
3165 3671
3102 3691
299 3697
1037 3697
171 3701
1933 3701
1282 3709
1344 3719
1464 3719
16 3727
776 3739
213 3761
1243 3769
3305 3769
16 3779
348 3779
773 3779
1537 3793
1153 3797
1117 3821
2304 3821
3455 3821
2473 3823
3112 3833
125 3847
2988 3847
3346 3863
2318 3907
187 3911
1709 3911
1439 3919
2202 3923
1271 3931
672 3943
847 3943
3883 3943
436 3967
2795 3967
2872 3967
1542 4007
1877 4007
1316 4027
3423 4049
3828 4049
2477 4051
608 4057
3595 4057
3686 4057
1823 4079
2914 4091
4046 4093
502 4099
1262 4099
1434 4129
3767 4129
1884 4133
218 4153
2966 4153
2449 4159
1486 4177
2475 4201
2090 4217
2202 4217
2784 4219
2260 4231
2756 4231
2745 4241
622 4243
2245 4243
2309 4243
244 4253
3872 4253
1714 4271
821 4283
2955 4289
2220 4297
1382 4327
3705 4327
4150 4327
339 4337
519 4337
1832 4337
3092 4339
2285 4357
1497 4363
2185 4363
3045 4363
3379 4391
4266 4391
41 4397
2014 4397
1770 4409
2930 4421
1257 4447
3101 4457
2693 4483
2221 4493
98 4507
1752 4507
3208 4507
2181 4517
2282 4517
3905 4517
419 4519
3778 4519
1940 4547
853 4561
2452 4561
2055 4583
2450 4583
3600 4597
2429 4621
4255 4621
3186 4637
4378 4643
435 4649
3874 4649
138 4651
3470 4651
3522 4657
1041 4663
1079 4663
1827 4663
57 4673
137 4679
2173 4679
3560 4691
433 4703
3310 4703
4613 4703
2226 4721
1325 4723
3489 4723
4388 4723
1489 4729
1345 4733
4532 4751
404 4759
330 4783
814 4783
1618 4787
2992 4787
478 4789
2582 4793
1617 4799
2382 4801
3212 4801
2593 4813
459 4871
825 4889
4327 4889
1448 4903
4891 4909
4361 4919
4401 4933
4637 4933
2995 4943
660 4951
4345 4951
4212 4957
4353 4987
4728 4987
39 4993
1676 4993
2090 4993
1989 5003
1051 5009
137 5023
3099 5051
1114 5059
1059 5077
1152 5077
1016 5087
3289 5087
4061 5087
1106 5101
481 5113
529 5147
751 5153
1295 5153
4259 5153
2313 5167
4751 5167
3417 5171
80 5179
273 5179
3910 5179
2760 5189
3460 5197
1897 5209
4030 5209
3946 5227
4720 5231
3795 5233
3969 5261
1541 5279
187 5281
292 5297
1271 5309
439 5323
1067 5323
4003 5323
3782 5351
2012 5381
4290 5387
3031 5393
2142 5399
2319 5399
4709 5399
5374 5413
1094 5417
3378 5417
1395 5437
2650 5441
2993 5449
1241 5471
3128 5471
2202 5479
2576 5479
4711 5479
886 5483
915 5501
3597 5503
2573 5507
5335 5519
5328 5557
1901 5569
3868 5569
4898 5573
2745 5581
1994 5591
2486 5623
3816 5623
3998 5623
5047 5641
3777 5653
4670 5653
934 5657
1544 5657
5142 5657
4404 5659
3775 5669
504 5683
1134 5689
380 5711
4028 5711
1761 5737
2257 5737
2475 5741
5648 5741
2191 5743
3858 5743
4133 5743
455 5749
564 5749
881 5749
2982 5791
3964 5807
275 5813
294 5813
4795 5813
72 5821
1163 5821
4663 5821
5641 5827
1689 5843
445 5851
1670 5851
2093 5851
2536 5861
1426 5867
2292 5867
2932 5867
3614 5867
4779 5867
4663 5869
802 5881
196 5897
2234 5927
3110 5953
2609 6007
4435 6007
5504 6007
3163 6011
2017 6043
1109 6053
2119 6053
2650 6073
4209 6073
1049 6091
1183 6113
3900 6133
4778 6133
2955 6173
659 6197
3913 6203
1804 6229
1355 6247
4025 6247
81 6257
1607 6257
2117 6257
2826 6257
3155 6257
6050 6269
1868 6287
306 6299
3446 6311
5384 6311
2065 6323
3104 6323
294 6337
4110 6337
3848 6343
1260 6353
3667 6359
2972 6367
3117 6379
4040 6389
5091 6389
1335 6427
6254 6427
5148 6449
2909 6473
3421 6481
3735 6491
2619 6529
4984 6547
2659 6551
3513 6551
1577 6563
1707 6563
82 6569
2250 6569
4308 6571
3776 6577
4677 6577
1143 6581
3225 6599
2011 6637
4586 6653
5776 6659
722 6661
3208 6661
3378 6689
3220 6691
4766 6691
2939 6701
4327 6701
814 6709
3016 6733
4377 6737
2642 6761
5352 6761
1039 6781
1936 6781
6400 6781
4521 6791
5789 6791
3034 6803
1540 6827
2704 6827
3957 6827
5053 6827
5826 6827
194 6829
1510 6833
3732 6841
1288 6863
2834 6863
5645 6863
804 6883
3273 6899
3966 6917
5079 6917
4766 6949
5477 6949
6693 6949
2239 6959
4671 6961
1967 6971
2539 6971
6163 6977
142 6991
6337 6997
5097 7019
3812 7043
5096 7057
878 7069
2202 7069
2232 7069
5151 7079
6773 7079
2618 7109
1429 7127
4608 7129
6106 7129
459 7151
1767 7151
4729 7151
4152 7177
4249 7187
819 7193
3536 7193
5086 7193
3940 7213
591 7229
43 7237
4065 7237
6626 7237
73 7243
4748 7253
6319 7283
6838 7283
2667 7297
4390 7297
1932 7307
139 7369
6251 7411
5306 7457
963 7459
4066 7459
4110 7459
759 7481
4610 7481
5165 7481
4031 7487
2055 7489
3792 7489
4511 7489
6291 7517
4397 7529
6905 7541
2263 7547
5482 7547
1126 7577
626 7583
1638 7589
3236 7589
3091 7591
7531 7591
2171 7607
453 7621
810 7621
2623 7621
4861 7621
6299 7621
7439 7639
7212 7643
5801 7669
1935 7673
2960 7673
4977 7681
4762 7687
719 7691
6099 7691
748 7717
4523 7723
5137 7757
6120 7789
7767 7793
5221 7817
924 7823
54 7841
542 7841
717 7841
1025 7853
2506 7853
1883 7873
6103 7873
7203 7873
1667 7877
4305 7879
6556 7879
4553 7907
4658 7907
4967 7927
5456 7927
6111 7937
7281 7937
945 8039
2077 8059
1600 8069
2325 8069
5422 8069
6062 8081
1038 8087
3503 8089
3588 8111
3672 8111
5136 8111
6516 8117
937 8147
7133 8161
670 8167
4693 8179
6729 8179
1032 8231
2761 8231
6462 8231
3442 8263
2554 8269
3897 8269
5321 8269
7756 8273
2126 8287
1828 8297
26 8311
3307 8311
6242 8329
7477 8329
1684 8353
2794 8369
3753 8387
684 8389
3342 8389
5305 8429
4174 8431
8055 8431
464 8443
3121 8443
3417 8461
8276 8467
2879 8501
2914 8501
6949 8513
7105 8513
7558 8521
5862 8527
7379 8527
1591 8537
1884 8537
5619 8539
3598 8543
3713 8543
4496 8543
4464 8573
5074 8581
8436 8581
2446 8623
4626 8623
6267 8623
550 8629
6204 8677
7329 8677
6992 8681
2942 8689
5665 8689
4376 8693
6404 8693
7429 8693
7605 8699
4891 8707
2682 8713
3065 8713
4350 8719
4737 8719
4836 8719
4842 8737
2697 8747
5049 8747
6536 8747
4419 8753
6187 8753
724 8761
1214 8779
6043 8803
7444 8803
8102 8803
792 8807
3252 8821
1416 8831
5768 8831
3480 8837
6837 8849
8617 8861
1770 8863
5150 8867
6528 8867
5294 8893
5324 8893
8317 8929
1718 8941
2467 8941
7909 8941
2504 8951
4256 8963
8426 8969
2926 8971
6881 8999
2766 9001
3056 9007
6031 9011
8151 9011
2986 9013
7948 9041
2255 9049
5491 9049
5477 9067
8153 9067
5297 9091
1576 9109
1621 9109
1760 9109
2146 9109
5976 9109
8313 9127
7728 9133
1026 9137
6683 9137
1364 9151
5516 9151
5447 9157
2851 9161
5013 9161
6579 9161
3055 9173
4328 9181
7545 9181
3646 9187
3653 9187
8238 9187
6134 9203
6658 9221
4386 9227
5731 9239
5800 9241
6928 9241
2526 9257
4924 9277
5440 9277
8290 9277
3996 9281
4606 9281
259 9283
4713 9293
5845 9293
4446 9311
6633 9311
7296 9311
6887 9323
7979 9323
8765 9323
285 9341
1402 9349
4011 9349
2017 9371
5497 9371
2813 9377
5137 9377
2723 9391
5871 9391
2270 9397
2358 9413
2878 9413
6092 9413
4499 9419
6386 9419
9396 9421
4642 9431
1897 9437
2471 9437
7863 9437
7993 9439
1295 9463
941 9467
3089 9473
9275 9473
9409 9473
1526 9479
5915 9491
6361 9491
7660 9491
2780 9521
4461 9521
7063 9521
8551 9547
9394 9551
8330 9601
9556 9601
2038 9613
8084 9613
9591 9613
17 9619
8535 9619
2920 9623
7276 9629
4498 9631
6269 9661
3493 9677
3510 9677
5495 9677
5544 9677
8259 9677
2406 9679
4689 9679
7180 9679
2218 9697
2478 9697
6440 9697
6773 9733
7021 9733
3290 9743
1998 9767
8615 9767
204 9769
3525 9769
2198 9791
2593 9791
2219 9803
4030 9803
1722 9811
6043 9811
7492 9817
9550 9817
2844 9833
2846 9833
5390 9833
7642 9833
8003 9833
1558 9871
5557 9871
7913 9871
2815 9883
2647 9887
8905 9887
8550 9907
7276 9929
3552 9967
4812 9973
4537 10007
6796 10007
5263 10037
6875 10037
8183 10039
2401 10061
2943 10079
1096 10091
6461 10093
6598 10093
7144 10093
295 10099
2871 10099
4443 10099
4818 10099
9842 10099
2129 10103
5268 10133
9119 10139
4746 10141
5918 10141
8898 10141
3698 10151
5696 10151
18 10163
9199 10163
1328 10169
74 10177
5325 10181
3109 10193
6807 10193
6896 10223
5599 10243
6655 10247
9110 10247
9228 10247
1624 10253
4148 10253
334 10259
3250 10259
7196 10259
1116 10267
3818 10271
2705 10303
2296 10313
5416 10333
2859 10337
3777 10337
7072 10337
7076 10337
8106 10337
6432 10343
1633 10357
4990 10369
6947 10369
3809 10391
5538 10399
2464 10429
2741 10429
1146 10433
2909 10457
9177 10457
304 10459
6043 10459
2771 10463
10404 10487
5160 10513
5174 10513
1699 10531
65 10559
7407 10589
2636 10597
4816 10597
9524 10601
7399 10627
653 10631
1324 10657
6752 10663
8181 10663
5017 10687
10458 10711
3421 10733
53 10753
212 10753
3461 10771
2460 10781
4562 10781
4591 10781
2087 10837
1166 10847
7660 10847
8499 10847
2607 10853
4423 10867
5407 10867
7223 10883
3773 10889
5141 10889
7219 10889
10351 10903
829 10909
8194 10909
3612 10937
5621 10937
9960 10937
4298 10939
4320 10949
241 10979
1942 10979
9348 10979
465 10987
10207 10987
3056 11003
5189 11003
1169 11027
3426 11057
4115 11057
5145 11059
4431 11069
4532 11083
3314 11087
3053 11093
3469 11093
114 11117
1673 11117
6827 11149
104 11159
10224 11159
10688 11159
5851 11161
1085 11171
6294 11173
2054 11177
10080 11197
7661 11257
10218 11257
6808 11273
4123 11287
1020 11299
4510 11299
3824 11311
8580 11311
11060 11311
931 11317
8542 11317
10295 11317
7786 11351
3917 11369
5543 11369
10341 11383
5570 11393
9081 11393
1133 11399
10606 11399
3690 11411
1341 11423
2589 11423
5175 11437
6681 11437
7281 11437
6061 11443
8530 11447
9352 11467
6198 11471
1568 11483
5750 11483
8556 11483
903 11489
6785 11489
3062 11491
5507 11503
8823 11519
957 11527
2777 11549
9192 11579
10704 11587
7274 11597
8664 11597
11550 11597
1292 11617
2480 11617
7087 11621
10861 11621
1092 11633
7993 11633
5412 11657
8534 11657
11020 11677
1250 11681
7405 11689
1424 11699
3767 11717
4071 11717
6939 11731
826 11777
3750 11777
7614 11779
4633 11789
4347 11801
239 11821
4180 11821
7912 11827
625 11831
3628 11831
500 11833
4814 11863
2776 11867
7382 11867
987 11887
9429 11887
10655 11897
1496 11923
1275 11927
5645 11927
4269 11933
5762 11939
6407 11941
1542 11953
10112 11953
3742 11959
4506 11969
11033 11969
1767 11971
8525 11971
10377 11981
8115 11987
2275 12011
10936 12073
6758 12119
2774 12161
4155 12161
5420 12163
1980 12203
1980 12211
11832 12211
4665 12227
5305 12227
1077 12241
10599 12251
3515 12263
6315 12263
8019 12269
8763 12277
7718 12289
2253 12301
2654 12301
4899 12301
6790 12301
7690 12301
12286 12323
4054 12329
9115 12343
3992 12347
5934 12379
10737 12391
4973 12401
7152 12401
1206 12409
6645 12409
8847 12437
3572 12457
6312 12457
3831 12487
9484 12497
429 12503
1066 12503
3633 12503
9706 12517
903 12527
5311 12527
5092 12539
10580 12539
3114 12547
67 12553
3643 12577
11037 12577
4965 12583
4529 12589
10704 12589
6917 12601
11638 12611
2326 12619
2776 12619
8194 12619
6059 12637
650 12653
8751 12671
10960 12697
12099 12697
1007 12721
5030 12743
5265 12743
11291 12757
3255 12763
1261 12781
7436 12781
6214 12791
6933 12791
7074 12791
715 12799
5048 12809
3863 12821
1721 12823
2295 12823
12683 12829
7740 12907
8124 12911
1806 12917
2810 12917
9423 12919
8118 12941
10270 12941
7527 12959
8744 12967
12006 12967
634 12973
6622 12973
12378 12973
2383 12979
1232 12983
12303 12983
10372 13001
1072 13003
5718 13003
5835 13003
3093 13007
7913 13007
11468 13007
8388 13033
11093 13033
3321 13043
5988 13043
7963 13043
3537 13049
4081 13049
12304 13063
2666 13093
10681 13093
1244 13099
4581 13099
6864 13099
5310 13103
3670 13109
3405 13121
11252 13121
11533 13121
2922 13127
114 13147
3726 13147
3469 13151
2621 13163
8331 13171
9596 13183
8261 13229
5731 13249
8418 13249
6672 13259
2633 13267
5245 13291
8574 13297
1801 13309
12324 13309
1733 13313
6481 13327
11838 13327
6346 13331
6452 13331
3686 13337
9378 13339
1369 13367
10959 13367
100 13381
2515 13397
10358 13397
11912 13397
2229 13411
2830 13411
3631 13411
3424 13441
5722 13441
12069 13441
2870 13457
11067 13469
12570 13487
6061 13499
4998 13513
