1 2
1 2
1 11
2 11
3 11
9 13
16 19
29 31
4 41
29 43
22 47
34 47
36 47
22 59
23 61
34 61
53 61
68 73
14 83
77 89
9 101
31 101
35 101
53 103
70 107
6 109
32 109
48 109
26 127
46 131
43 139
68 149
74 149
139 149
112 151
94 157
110 173
168 181
146 191
188 199
46 211
40 223
133 223
172 223
110 227
26 229
77 229
112 229
52 233
76 233
182 233
29 239
31 239
123 239
114 251
81 257
77 271
84 271
212 271
232 277
45 281
18 283
192 283
53 293
236 311
74 317
239 331
322 349
193 353
251 353
304 353
109 359
155 359
169 359
193 373
261 379
271 383
120 397
392 409
225 419
410 431
219 433
390 439
209 449
314 449
410 449
359 461
141 463
24 467
52 467
123 467
120 479
394 487
119 499
287 499
371 499
402 503
142 509
327 541
338 541
460 541
146 547
182 547
429 547
260 569
419 577
463 587
526 593
186 599
413 617
139 631
316 631
364 631
193 641
385 641
477 641
605 647
631 653
466 659
248 661
560 673
15 677
295 677
569 677
352 683
528 691
339 701
463 719
476 733
417 739
59 743
444 743
559 743
558 761
16 769
325 773
772 797
152 811
368 821
484 823
807 827
323 829
668 829
699 829
299 839
548 853
787 853
812 853
69 859
713 877
764 883
40 907
548 919
132 937
685 937
890 937
265 947
384 947
541 947
723 953
641 967
32 971
152 983
809 983
830 983
765 991
537 997
676 997
907 997
916 1009
217 1013
236 1013
600 1013
456 1021
619 1021
741 1021
290 1031
133 1033
372 1033
1018 1033
986 1051
812 1063
481 1087
747 1091
989 1093
403 1097
419 1103
1005 1129
652 1153
936 1153
1115 1153
1116 1163
244 1181
533 1181
554 1181
60 1187
153 1193
893 1193
921 1193
907 1201
1193 1217
580 1277
861 1277
1220 1277
879 1283
934 1289
375 1291
477 1291
884 1291
918 1301
100 1307
1118 1319
1124 1321
313 1327
430 1373
1071 1423
911 1427
1411 1429
943 1453
1138 1453
1200 1453
600 1459
1464 1471
576 1483
383 1487
7 1489
292 1489
927 1489
401 1493
292 1523
278 1531
137 1543
179 1549
316 1549
1252 1549
381 1553
21 1559
848 1559
1296 1559
103 1567
711 1583
739 1583
1299 1583
1074 1601
762 1607
920 1609
271 1613
577 1613
1322 1613
311 1619
908 1621
421 1627
479 1637
251 1667
818 1669
59 1697
638 1699
804 1699
1361 1699
635 1709
784 1709
1029 1709
814 1721
660 1723
809 1723
1074 1723
848 1741
1131 1747
186 1753
508 1759
1173 1777
824 1783
1410 1783
1483 1783
369 1787
954 1787
1470 1787
411 1811
1420 1811
1472 1811
130 1823
669 1831
225 1861
1429 1873
460 1877
808 1877
1013 1877
690 1879
543 1889
918 1889
1081 1889
843 1901
1237 1907
115 1931
614 1931
1114 1931
317 1933
605 1949
604 1951
10 1973
208 1973
550 1973
179 1979
179 1979
1422 1997
664 1999
677 2003
843 2003
1524 2003
505 2029
1600 2039
305 2053
424 2053
1677 2053
1728 2063
2005 2069
1054 2081
103 2083
340 2083
1002 2083
1246 2087
806 2089
509 2099
2059 2113
1471 2129
8 2141
1357 2143
1525 2143
1959 2143
321 2153
1805 2161
1422 2207
1693 2221
1034 2237
1808 2239
429 2243
960 2243
1045 2243
1082 2251
1241 2251
1392 2251
555 2267
1071 2269
543 2273
1350 2273
2056 2273
573 2287
1242 2333
1882 2333
2248 2333
212 2341
1002 2347
561 2351
1249 2351
1968 2351
2122 2381
2276 2383
1232 2389
2321 2393
5 2399
1901 2411
485 2417
1298 2417
1891 2417
1740 2437
2261 2441
736 2447
1805 2473
346 2477
2416 2521
306 2531
811 2531
1520 2531
1356 2543
917 2551
579 2557
1887 2579
1848 2591
272 2593
884 2593
982 2593
876 2609
621 2621
1577 2633
2392 2647
1883 2659
1046 2663
1158 2663
1497 2663
359 2677
2058 2677
2351 2677
2374 2707
514 2713
192 2719
471 2719
988 2719
1463 2729
673 2731
2341 2741
175 2749
1490 2753
1765 2767
2459 2777
2142 2789
1758 2791
782 2797
362 2801
986 2819
1250 2819
2540 2819
2547 2833
641 2837
54 2843
664 2843
2739 2843
76 2851
739 2851
1908 2851
220 2887
541 2887
2373 2887
633 2917
1743 2917
2693 2917
72 2927
1861 2953
2766 2963
13 2969
435 2969
1097 2969
1423 2971
2432 2971
2858 2971
2844 3001
2275 3011
2459 3023
2649 3037
457 3049
2140 3049
2569 3049
307 3067
501 3067
2655 3067
2545 3089
1331 3109
1974 3119
1126 3121
1662 3121
2093 3121
1460 3137
1555 3137
2573 3137
716 3163
2989 3167
764 3187
2301 3191
1404 3203
2402 3203
3153 3203
1609 3209
2077 3221
771 3229
2116 3251
30 3253
317 3253
639 3253
675 3257
2514 3259
2068 3271
1589 3313
2075 3313
3102 3313
2075 3319
2698 3323
3089 3343
2440 3347
2407 3359
3333 3361
1207 3371
1788 3373
1947 3407
2232 3457
1955 3461
3213 3467
2916 3469
792 3491
2546 3499
690 3511
3366 3527
1898 3529
1898 3529
1155 3541
507 3547
2395 3547
2800 3547
102 3559
102 3559
102 3559
102 3559
102 3559
43 3593
1156 3607
809 3613
2306 3613
2379 3613
489 3617
3121 3623
741 3631
2327 3631
2927 3631
2595 3637
913 3643
2676 3643
2901 3643
245 3659
422 3671
1715 3671
2328 3671
2997 3677
414 3697
1023 3697
1613 3697
3063 3709
3179 3719
1392 3727
555 3733
2242 3733
2555 3733
1270 3739
2157 3739
2909 3739
1912 3767
3188 3769
644 3779
2152 3779
2622 3779
1136 3793
1948 3793
2519 3793
2680 3833
3400 3847
2139 3853
1855 3863
2457 3881
697 3889
2902 3907
2213 3911
2663 3919
895 3931
1703 3931
3209 3931
1808 3947
2291 3967
1726 4007
1920 4013
762 4019
3282 4021
607 4027
1716 4049
1828 4051
1457 4057
2126 4057
3645 4057
1395 4073
2866 4099
471 4127
2151 4127
2757 4127
3350 4133
2163 4157
1973 4159
2292 4211
522 4217
408 4229
3499 4243
245 4271
3039 4271
3397 4271
3984 4289
1680 4297
4082 4327
2455 4339
2045 4349
365 4357
3102 4373
3525 4391
1871 4421
241 4423
2550 4423
3551 4423
3504 4441
1175 4451
188 4457
2645 4457
3364 4457
4055 4463
2263 4481
2618 4507
2462 4517
4046 4519
1784 4523
2848 4523
3820 4523
3612 4547
3437 4549
928 4561
1075 4567
2918 4567
3747 4567
3535 4591
4527 4597
1117 4603
2868 4621
2966 4637
3235 4637
4077 4637
1756 4639
868 4643
4319 4649
1492 4651
2130 4651
3856 4651
620 4679
4105 4691
288 4721
795 4721
4455 4721
2500 4733
4218 4759
4629 4787
3111 4793
4405 4813
2141 4831
2997 4861
537 4877
2149 4877
2399 4877
282 4903
2673 4903
3223 4903
311 4919
1413 4919
1480 4919
2049 4931
304 4933
4469 4933
4660 4933
2393 4943
223 4951
309 4967
4164 4969
1048 4973
2872 4973
4076 4973
4861 4987
2723 5003
2889 5003
4825 5003
2197 5009
1527 5011
2393 5011
4355 5011
2371 5039
499 5051
1904 5051
3742 5051
4660 5059
4065 5081
1852 5099
1915 5101
2131 5101
3047 5101
250 5107
1501 5107
3574 5107
391 5119
900 5167
3884 5167
4872 5167
1430 5171
3037 5179
3342 5189
595 5197
402 5209
2948 5231
2536 5233
2578 5237
219 5261
4220 5279
861 5303
3808 5303
4319 5303
63 5309
4941 5323
1013 5333
1130 5347
2872 5351
4556 5381
2907 5387
286 5393
963 5393
3671 5393
220 5399
448 5413
1214 5419
5011 5437
2568 5441
1578 5449
2085 5449
4388 5449
4282 5471
2550 5477
4895 5477
5410 5477
841 5501
1838 5501
4253 5501
845 5503
2669 5503
2942 5503
4980 5519
4304 5521
3272 5527
5056 5531
842 5557
1536 5557
4383 5557
155 5563
1718 5573
2578 5581
3380 5581
4472 5581
5572 5591
2511 5623
4823 5639
1464 5647
2999 5653
5248 5657
900 5659
1575 5659
3426 5659
620 5669
2427 5683
2621 5693
3874 5693
5382 5693
1229 5701
3678 5701
4508 5701
1133 5711
2749 5711
4308 5711
180 5737
520 5741
2190 5741
4275 5741
2810 5743
2937 5743
3238 5743
4001 5749
564 5779
2884 5779
3332 5779
5740 5783
4504 5791
209 5813
1543 5813
3046 5813
5565 5851
1154 5857
939 5861
1485 5867
5531 5869
991 5879
2497 5879
3665 5879
3586 5881
1721 5903
4331 5903
4980 5903
451 5927
3635 5939
2794 5953
1840 5981
4617 5981
5761 5981
173 5987
4003 5987
4410 5987
3596 6007
5486 6029
1960 6047
4290 6053
2525 6079
2937 6089
4815 6091
5309 6113
2531 6121
5682 6131
4185 6133
4022 6143
1266 6199
1491 6217
1634 6221
3550 6229
2933 6247
2272 6263
2390 6263
4320 6263
5277 6269
5261 6271
4582 6299
2525 6301
4448 6301
5351 6301
2645 6311
3997 6311
4604 6311
2097 6317
5863 6323
322 6329
444 6329
881 6329
3562 6359
3913 6359
4686 6359
5976 6367
2393 6373
3139 6373
4162 6373
6226 6389
1264 6397
1270 6397
6084 6397
224 6421
520 6451
1428 6451
3938 6451
5229 6469
2228 6473
2562 6473
3649 6473
496 6481
2801 6491
3752 6491
3885 6491
5478 6521
1401 6547
4033 6551
3053 6553
5164 6563
2434 6571
5461 6577
5945 6581
6563 6599
2198 6619
5167 6637
975 6661
2451 6661
4679 6661
2976 6673
1987 6679
4779 6679
5136 6679
135 6689
1884 6703
2673 6709
2810 6709
5014 6709
5194 6733
2054 6761
4765 6781
6656 6791
4867 6793
6271 6823
1274 6829
3577 6829
5240 6829
5874 6833
5264 6857
3457 6863
20 6869
1424 6869
4525 6869
625 6871
1293 6871
3754 6871
222 6883
451 6907
4291 6917
3133 6949
39 6959
2633 6961
327 6967
4862 6971
6316 6977
3893 6983
3307 6997
3781 6997
4164 6997
676 7001
1395 7001
3404 7001
5963 7013
3890 7027
6008 7043
1251 7069
453 7079
4307 7079
5085 7079
2945 7109
2732 7129
1478 7177
2721 7177
3286 7177
2437 7187
1723 7193
2824 7207
5738 7207
6788 7207
945 7213
1976 7213
5856 7213
2356 7219
2680 7219
6887 7219
4883 7243
178 7247
1952 7253
6321 7283
4929 7297
1209 7307
4396 7309
3869 7321
3611 7351
5836 7369
4098 7393
2730 7417
2216 7433
2902 7451
7015 7457
201 7459
3070 7459
7427 7459
1196 7477
1213 7481
1720 7481
5845 7481
915 7487
1817 7499
753 7507
1312 7523
692 7529
5315 7541
7418 7547
1233 7549
3429 7561
2645 7577
1507 7589
3469 7591
5515 7603
3364 7607
2044 7639
3355 7643
3523 7643
4084 7643
4056 7649
4292 7649
4618 7649
2407 7669
57 7673
2382 7673
6898 7673
2882 7681
5267 7681
6875 7681
2159 7687
3685 7699
229 7717
2913 7717
5242 7717
1677 7723
457 7727
5475 7741
7265 7817
5454 7823
6233 7823
6676 7823
2173 7829
5143 7829
6636 7829
5999 7841
1959 7853
5095 7867
7622 7877
1556 7883
874 7901
