1 2
1 2
1 3
2 5
24 43
41 43
42 43
3 53
19 53
41 53
18 59
19 59
34 59
57 67
14 89
21 89
76 89
12 107
41 107
82 107
10 109
15 109
40 109
4 131
38 131
125 131
6 137
14 137
18 137
21 139
24 139
40 139
5 149
63 149
123 149
44 179
62 179
125 179
32 193
126 193
156 193
110 223
112 223
142 223
117 241
128 241
149 241
176 263
197 263
233 263
112 269
250 269
258 269
53 271
54 271
66 271
114 277
124 277
216 277
117 283
139 283
208 283
187 293
211 293
278 293
67 311
72 311
268 311
228 313
290 313
309 313
277 349
304 349
342 349
228 359
289 359
313 359
149 397
158 397
347 397
161 401
175 401
191 401
119 461
184 461
304 461
123 491
186 491
338 491
355 509
386 509
439 509
297 521
430 521
481 521
142 541
255 541
497 541
22 563
211 563
510 563
68 617
167 617
580 617
128 643
439 643
497 643
54 661
455 661
585 661
127 673
360 673
627 673
101 751
446 751
697 751
138 761
330 761
539 761
34 809
37 809
191 809
17 829
545 829
812 829
193 857
282 857
660 857
140 863
437 863
566 863
594 911
678 911
846 911
187 929
460 929
584 929
315 937
322 937
917 937
567 941
721 941
900 941
167 947
390 947
698 947
611 953
724 953
881 953
300 983
434 983
569 983
295 991
620 991
729 991
27 997
735 997
892 997
183 1013
500 1013
660 1013
77 1019
501 1019
773 1019
295 1063
606 1063
863 1063
804 1069
984 1069
1055 1069
891 1087
946 1087
1054 1087
106 1097
471 1097
878 1097
457 1117
612 1117
785 1117
269 1153
622 1153
1023 1153
106 1163
521 1163
916 1163
66 1181
670 1181
831 1181
116 1201
268 1201
409 1201
9 1231
852 1231
1183 1231
463 1249
678 1249
933 1249
107 1259
686 1259
878 1259
20 1297
132 1297
705 1297
233 1367
693 1367
889 1367
55 1399
1064 1399
1205 1399
293 1429
959 1429
1122 1429
480 1447
677 1447
1247 1447
134 1459
322 1459
509 1459
516 1471
552 1471
1376 1471
313 1483
878 1483
1273 1483
236 1489
997 1489
1241 1489
38 1499
621 1499
1332 1499
370 1549
936 1549
1268 1549
333 1583
508 1583
1262 1583
1235 1607
1241 1607
1266 1607
605 1609
941 1609
1128 1609
955 1613
1250 1613
1551 1613
44 1667
136 1667
368 1667
68 1697
924 1697
1263 1697
1346 1699
1512 1699
1665 1699
696 1733
1645 1733
1695 1733
195 1741
217 1741
741 1741
1387 1747
1556 1747
1708 1747
827 1787
1624 1787
1711 1787
766 1801
1019 1801
1209 1801
350 1823
795 1823
1278 1823
838 1831
867 1831
1339 1831
485 1861
1118 1861
1491 1861
688 1867
1130 1867
1286 1867
221 1871
423 1871
1843 1871
420 1873
842 1873
1852 1873
63 1877
883 1877
1549 1877
53 1879
499 1879
693 1879
114 1901
623 1901
1790 1901
234 1951
257 1951
802 1951
