2 5
4 5
8 29
18 29
22 29
7 43
9 43
25 43
15 47
24 47
34 47
5 59
7 59
56 59
5 73
39 73
62 73
50 79
51 79
69 79
8 83
11 83
60 83
24 97
80 97
95 97
4 101
27 101
55 101
27 103
28 103
43 103
1 113
70 113
93 113
71 149
86 149
89 149
74 181
98 181
163 181
19 191
70 191
169 191
3 227
42 227
80 227
132 251
217 251
241 251
62 277
235 277
271 277
19 283
95 283
155 283
70 317
110 317
153 317
149 331
141 337
258 337
292 337
133 367
177 367
259 367
85 373
96 373
360 373
63 419
192 419
227 419
29 431
39 431
83 431
42 433
289 433
297 433
64 443
90 443
267 443
29 449
108 449
155 449
134 461
265 461
454 461
57 463
154 463
229 463
37 479
135 479
379 479
217 503
269 503
495 503
237 557
376 557
529 557
240 577
370 577
573 577
335 599
459 599
494 599
45 613
296 613
548 613
11 619
147 619
554 619
271 641
396 641
519 641
280 643
395 643
579 643
217 647
346 647
440 647
487 653
507 653
606 653
386 659
447 659
584 659
139 691
238 691
556 691
99 709
382 709
689 709
118 719
134 719
575 719
50 733
126 733
154 733
38 751
394 751
582 751
51 769
506 769
712 769
214 773
290 773
617 773
502 797
541 797
591 797
370 829
495 829
503 829
458 853
800 853
832 853
482 857
542 857
733 857
173 919
289 919
595 919
15 937
135 937
834 937
278 967
420 967
801 967
118 971
434 971
759 971
117 1021
815 1021
957 1021
204 1039
315 1039
676 1039
79 1061
356 1061
467 1061
57 1063
170 1063
783 1063
125 1069
772 1069
867 1069
360 1091
511 1091
602 1091
128 1103
318 1103
602 1103
12 1117
66 1117
1095 1117
160 1123
350 1123
557 1123
609 1163
632 1163
1027 1163
155 1171
400 1171
1026 1171
112 1201
402 1201
507 1201
125 1237
583 1237
591 1237
780 1259
789 1259
1138 1259
6 1297
509 1297
847 1297
52 1303
399 1303
787 1303
442 1307
549 1307
1035 1307
18 1319
302 1319
1197 1319
341 1321
909 1321
1194 1321
472 1399
1190 1399
1346 1399
341 1427
771 1427
1100 1427
174 1433
580 1433
1324 1433
527 1439
1260 1439
1307 1439
22 1451
660 1451
1277 1451
38 1453
216 1453
400 1453
338 1487
804 1487
1163 1487
574 1489
680 1489
1203 1489
89 1511
898 1511
1053 1511
476 1531
493 1531
1098 1531
127 1549
1059 1549
1370 1549
853 1597
1021 1597
1400 1597
298 1607
999 1607
1194 1607
65 1637
805 1637
849 1637
352 1693
1016 1693
1087 1693
137 1697
310 1697
1335 1697
486 1699
733 1699
735 1699
765 1721
1172 1721
1247 1721
248 1741
1451 1741
1522 1741
1233 1747
1507 1747
1715 1747
1329 1753
1422 1753
1544 1753
1209 1787
1603 1787
1745 1787
224 1789
1021 1789
1707 1789
157 1811
893 1811
1395 1811
1428 1847
1483 1847
1799 1847
296 1871
843 1871
1387 1871
193 1949
208 1949
866 1949
45 1973
96 1973
747 1973
1077 1979
1453 1979
1725 1979
