1 2
2 3
3 5
3 7
3 11
4 13
8 13
5 17
7 17
11 17
13 17
18 19
20 23
8 29
7 31
1 41
41 43
23 47
2 53
4 59
14 59
18 59
25 59
12 61
46 67
59 71
13 73
35 79
43 97
20 101
48 103
56 109
55 113
104 127
23 131
64 139
144 149
128 151
135 157
26 163
139 167
66 173
131 179
78 181
79 181
82 181
125 181
185 191
164 193
169 197
30 211
173 223
185 229
86 233
68 241
81 241
123 241
212 241
159 251
239 263
250 283
109 293
130 311
17 313
307 317
11 331
281 349
241 353
135 359
213 367
298 373
12 379
171 383
154 389
106 397
41 419
160 421
185 421
214 421
285 421
333 431
296 433
60 439
171 439
250 439
399 439
255 443
305 449
326 461
62 467
370 479
300 491
423 499
262 503
349 521
107 541
