1 2
1 2
2 7
4 7
6 7
4 11
7 11
9 11
6 17
10 17
15 17
8 31
22 31
28 31
15 37
29 37
33 37
10 67
21 67
52 67
5 83
34 83
62 83
29 89
47 89
54 89
19 97
52 97
70 97
3 107
53 107
72 107
20 131
62 131
73 131
40 139
57 139
67 139
104 163
106 163
144 163
19 173
48 173
92 173
18 179
21 179
170 179
59 191
124 191
135 191
117 193
161 193
188 193
32 211
34 211
179 211
72 223
97 223
201 223
11 263
184 263
240 263
75 271
113 271
260 271
13 277
23 277
214 277
175 307
208 307
277 307
16 317
100 317
169 317
90 397
323 397
339 397
166 409
171 409
233 409
165 439
265 439
291 439
193 443
343 443
413 443
104 457
146 457
386 457
27 479
350 479
409 479
80 499
120 499
369 499
75 509
96 509
282 509
306 521
459 521
480 521
156 523
467 523
496 523
171 563
215 563
255 563
257 607
360 607
377 607
147 613
418 613
592 613
390 617
512 617
571 617
169 661
177 661
240 661
324 677
415 677
538 677
259 743
285 743
671 743
33 751
92 751
352 751
212 761
220 761
622 761
302 773
495 773
660 773
431 797
506 797
565 797
120 811
184 811
616 811
190 823
344 823
811 823
51 839
151 839
330 839
39 883
395 883
567 883
310 887
496 887
643 887
22 911
208 911
347 911
229 919
615 919
657 919
80 929
570 929
635 929
504 953
850 953
917 953
549 997
613 997
715 997
403 1013
554 1013
950 1013
94 1033
311 1033
1023 1033
28 1039
706 1039
962 1039
37 1049
568 1049
845 1049
421 1061
563 1061
1013 1061
67 1097
482 1097
967 1097
252 1153
335 1153
1006 1153
122 1163
173 1163
1021 1163
44 1187
138 1187
1161 1187
24 1193
778 1193
846 1193
136 1213
331 1213
602 1213
152 1223
701 1223
1142 1223
596 1289
1197 1289
1276 1289
149 1321
595 1321
1080 1321
668 1327
738 1327
758 1327
12 1373
573 1373
624 1373
1083 1409
1116 1409
1155 1409
434 1499
488 1499
772 1499
541 1511
716 1511
1206 1511
96 1601
1028 1601
1085 1601
375 1607
666 1607
1578 1607
66 1619
418 1619
1345 1619
473 1621
1281 1621
1293 1621
384 1721
615 1721
1375 1721
955 1723
1248 1723
1466 1723
74 1747
694 1747
1205 1747
147 1787
390 1787
1481 1787
161 1873
199 1873
350 1873
121 1913
271 1913
333 1913
570 1933
1206 1933
1856 1933
156 1973
216 1973
1362 1973
156 1973
216 1973
1362 1973
780 1987
1639 1987
1811 1987
474 1993
1090 1993
1184 1993
42 2011
1030 2011
1198 2011
242 2039
397 2039
643 2039
346 2069
1478 2069
2063 2069
636 2129
1036 2129
1263 2129
233 2137
1230 2137
1483 2137
320 2141
349 2141
1212 2141
89 2179
711 2179
1659 2179
1763 2239
2009 2239
2113 2239
1763 2239
2009 2239
2113 2239
229 2297
1315 2297
1622 2297
946 2309
1341 2309
2050 2309
596 2333
1602 2333
2184 2333
586 2357
1664 2357
2177 2357
413 2383
1660 2383
1807 2383
295 2399
1416 2399
2195 2399
95 2411
949 2411
1676 2411
998 2423
1011 2423
1936 2423
1787 2441
1841 2441
2177 2441
842 2447
1178 2447
1964 2447
221 2459
883 2459
1670 2459
106 2467
257 2467
2420 2467
507 2477
514 2477
1154 2477
804 2503
932 2503
2339 2503
445 2591
1608 2591
2165 2591
258 2593
1398 2593
1917 2593
624 2609
892 2609
2079 2609
351 2617
1144 2617
2111 2617
737 2657
841 2657
2083 2657
1527 2659
2023 2659
2108 2659
770 2699
1014 2699
1260 2699
480 2713
674 2713
2584 2713
778 2777
1261 2777
1787 2777
17 2789
165 2789
2266 2789
772 2801
1543 2801
1544 2801
125 2803
972 2803
2064 2803
459 2819
695 2819
2025 2819
1301 2833
457 2837
927 2837
1106 2837
1424 2861
1526 2861
2422 2861
297 2887
2175 2887
2227 2887
296 2897
1257 2897
2438 2897
364 2953
1326 2953
2378 2953
94 2957
1102 2957
1399 2957
270 2963
846 2963
2225 2963
551 2969
1763 2969
1776 2969
275 2999
799 2999
808 2999
1266 3011
2216 3011
2924 3011
344 3023
1842 3023
2734 3023
321 3049
848 3049
3031 3049
938 3067
1234 3067
1286 3067
361 3083
1171 3083
1944 3083
255 3089
377 3089
534 3089
84 3163
1410 3163
2072 3163
369 3181
2671 3181
2932 3181
309 3187
983 3187
2301 3187
307 3191
1768 3191
3118 3191
1825 3221
1916 3221
2306 3221
462 3253
515 3253
1877 3253
683 3301
2241 3301
3273 3301
1665 3313
3092 3313
3119 3313
982 3329
1768 3329
1835 3329
543 3343
709 3343
845 3343
1189 3359
1999 3359
2278 3359
976 3389
2574 3389
2812 3389
212 3449
1514 3449
3024 3449
178 3467
1567 3467
2163 3467
488 3469
983 3469
1572 3469
2530 3511
3250 3511
3444 3511
1809 3517
1951 3517
2842 3517
396 3529
1614 3529
2850 3529
397 3541
554 3541
2155 3541
956 3571
1219 3571
1850 3571
1490 3581
1936 3581
3296 3581
1334 3593
1531 3593
2083 3593
647 3607
1837 3607
3385 3607
760 3617
1681 3617
2540 3617
704 3623
1778 3623
3413 3623
726 3643
1417 3643
1963 3643
258 3673
343 3673
784 3673
271 3677
598 3677
2356 3677
861 3697
907 3697
3323 3697
649 3701
851 3701
1746 3701
454 3719
509 3719
1369 3719
993 3727
2009 3727
3062 3727
652 3733
2913 3733
3442 3733
635 3769
969 3769
3586 3769
809 3793
906 3793
3508 3793
801 3833
1423 3833
3054 3833
242 3847
462 3847
1708 3847
918 3851
1507 3851
1915 3851
275 3853
1290 3853
1814 3853
595 3863
858 3863
969 3863
869 3881
1448 3881
3027 3881
869 3881
1448 3881
3027 3881
871 3911
2071 3911
3421 3911
532 3917
568 3917
2335 3917
47 3919
2836 3919
3493 3919
917 3943
1597 3943
3901 3943
225 3989
1047 3989
2226 3989
41 4021
1374 4021
2111 4021
1306 4051
1400 4051
1859 4051
1003 4079
2071 4079
3562 4079
1606 4091
3473 4091
3622 4091
1142 4111
1452 4111
4094 4111
676 4153
2258 4153
2784 4153
499 4201
2594 4201
2691 4201
2045 4211
3047 4211
3864 4211
541 4217
1351 4217
3914 4217
594 4231
2957 4231
3332 4231
267 4241
2463 4241
3109 4241
461 4253
527 4253
2741 4253
1336 4283
1402 4283
2088 4283
116 4297
2354 4297
3446 4297
580 4339
592 4339
3717 4339
245 4357
3700 4357
4232 4357
297 4421
1628 4421
1951 4421
817 4447
3109 4447
3308 4447
1923 4507
3229 4507
4433 4507
2823 4513
3801 4513
4102 4513
1511 4519
1643 4519
4197 4519
26 4561
2919 4561
3334 4561
417 4583
1144 4583
1311 4583
2190 4621
2301 4621
4181 4621
1031 4673
2512 4673
2890 4673
1250 4691
4358 4691
4368 4691
1687 4783
2771 4783
3322 4783
2758 4817
4184 4817
4506 4817
197 4831
1080 4831
1750 4831
1492 4861
2869 4861
4761 4861
396 4931
1136 4931
4023 4931
1407 4937
2623 4937
2766 4937
1612 4951
2455 4951
3986 4951
113 4967
1020 4967
1979 4967
207 4987
2627 4987
2784 4987
937 4999
1004 4999
1191 4999
726 5009
1236 5009
4933 5009
1327 5059
1667 5059
2705 5059
866 5167
1123 5167
1248 5167
436 5197
1634 5197
2485 5197
160 5209
294 5209
1507 5209
3474 5227
3758 5227
3883 5227
14 5261
1214 5261
3383 5261
315 5279
487 5279
2505 5279
895 5297
2767 5297
3629 5297
1203 5323
4824 5323
5292 5323
805 5407
1163 5407
1419 5407
180 5431
4096 5431
4557 5431
1378 5441
2355 5441
3756 5441
692 5443
1985 5443
3454 5443
669 5449
3010 5449
3821 5449
640 5477
4220 5477
5417 5477
450 5479
3885 5479
4576 5479
2146 5483
4485 5483
5028 5483
2742 5501
3237 5501
4343 5501
830 5503
3100 5503
5020 5503
2241 5507
4643 5507
4826 5507
1522 5527
2198 5527
5269 5527
799 5569
1625 5569
5241 5569
466 5639
1441 5639
1625 5639
3543 5651
3837 5651
4636 5651
312 5659
928 5659
5134 5659
357 5683
2548 5683
3496 5683
697 5693
2004 5693
2288 5693
1354 5743
3366 5743
4620 5743
2128 5749
4229 5749
4430 5749
859 5783
1233 5783
1530 5783
483 5791
829 5791
2315 5791
514 5839
3426 5839
5556 5839
2157 5843
4637 5843
5630 5843
3584 5849
4768 5849
5547 5849
49 5857
122 5857
2033 5857
1418 5881
2623 5881
4053 5881
551 6007
557 6007
2654 6007
1026 6043
1073 6043
4707 6043
1811 6047
2950 6047
5073 6047
2917 6053
3373 6053
5067 6053
1367 6073
2503 6073
4488 6073
54 6089
3271 6089
5055 6089
476 6113
2120 6113
5817 6113
2679 6121
5761 6121
6105 6121
1720 6131
2008 6131
3177 6131
2365 6173
4065 6173
5152 6173
1867 6217
2762 6217
3927 6217
3070 6221
3148 6221
5454 6221
178 6229
5314 6229
6195 6229
5137 6247
5263 6247
6006 6247
81 6257
2581 6257
5949 6257
477 6323
890 6323
5754 6323
1478 6343
3121 6343
5716 6343
1923 6421
4480 6421
5644 6421
906 6427
3004 6427
3328 6427
2042 6451
5400 6451
6274 6451
461 6473
3335 6473
5112 6473
1210 6553
3599 6553
4209 6553
3019 6563
4421 6563
6514 6563
1519 6577
2188 6577
5344 6577
1758 6619
1812 6619
3884 6619
4086 6659
4147 6659
5925 6659
2968 6661
3161 6661
6368 6661
1403 6673
3584 6673
4196 6673
2707 6679
2757 6679
5397 6679
1575 6733
1664 6733
2660 6733
1713 6763
6206 6763
6460 6763
3180 6779
5243 6779
5990 6779
610 6829
5831 6829
6371 6829
1690 6833
2751 6833
4962 6833
2896 6863
3032 6863
5232 6863
1037 6871
4238 6871
5898 6871
3319 6911
3697 6911
4222 6911
135 6947
2644 6947
5044 6947
895 6971
1255 6971
5700 6971
1450 6977
2710 6977
5441 6977
129 6991
1681 6991
2567 6991
3128 6997
4153 6997
5846 6997
2438 7001
3289 7001
3907 7001
2410 7013
4881 7013
5866 7013
2841 7039
4047 7039
4558 7039
3056 7069
5083 7069
5123 7069
1468 7079
3180 7079
6863 7079
4375 7121
5576 7121
6969 7121
456 7127
1770 7127
2236 7127
523 7177
3561 7177
5792 7177
1072 7253
1388 7253
3894 7253
1212 7411
2760 7411
4373 7411
5034 7451
5106 7451
5701 7451
563 7457
889 7457
1352 7457
1925 7459
2477 7459
3997 7459
194 7481
3433 7481
6667 7481
642 7499
1391 7499
6411 7499
1645 7507
2228 7507
4580 7507
1256 7541
6035 7541
6856 7541
3055 7547
6172 7547
6818 7547
2571 7559
4664 7559
5056 7559
1295 7561
1846 7561
7263 7561
1062 7589
1323 7589
4263 7589
1170 7603
1691 7603
5700 7603
3369 7607
3738 7607
5262 7607
475 7621
2905 7621
3296 7621
5845 7639
6707 7639
7508 7639
914 7643
2033 7643
5659 7643
1256 7681
3921 7681
5392 7681
610 7723
3508 7723
4578 7723
3591 7727
4382 7727
4591 7727
1126 7789
2346 7789
3351 7789
720 7817
2294 7817
7742 7817
