1 5
2 7
5 7
6 7
5 13
9 13
1 19
9 19
13 19
18 19
7 29
7 29
16 31
28 31
18 41
35 41
4 59
53 59
33 61
35 67
60 71
5 79
13 83
19 89
100 103
26 107
71 107
9 109
85 109
19 113
55 127
74 127
55 139
58 149
52 151
2 157
142 157
36 163
19 167
27 179
152 179
15 197
201 227
13 229
215 229
10 239
79 239
172 241
91 271
262 281
96 283
157 293
226 293
265 293
291 293
77 307
184 307
18 311
80 317
123 317
130 317
177 317
4 337
317 337
164 349
45 353
70 359
150 359
303 367
133 373
52 379
254 379
34 397
254 409
346 409
115 419
323 419
22 431
369 433
310 439
298 443
439 443
29 457
231 467
410 467
74 479
243 479
152 487
211 487
106 491
415 491
43 499
343 499
447 521
109 523
234 523
310 547
264 569
463 587
405 593
106 599
455 601
98 617
32 619
380 619
548 631
456 641
525 643
44 647
95 647
394 647
631 647
401 653
547 653
560 659
345 673
194 677
255 677
369 677
616 677
88 683
102 683
437 683
500 683
369 701
433 709
521 709
133 719
90 727
69 739
303 739
75 743
346 743
636 743
659 743
63 751
261 757
356 761
710 769
608 787
611 787
317 797
246 809
726 809
392 827
695 827
138 829
165 857
389 857
21 859
594 859
676 877
315 881
50 907
715 919
341 929
818 937
347 941
347 947
397 947
264 967
364 971
847 971
842 977
188 983
377 983
900 1013
902 1013
6 1019
133 1019
827 1021
787 1031
730 1039
798 1049
991 1049
903 1063
978 1093
343 1097
347 1097
143 1109
365 1123
740 1123
266 1129
678 1129
749 1151
616 1153
176 1181
257 1181
1092 1187
214 1213
285 1213
927 1249
334 1283
851 1289
926 1297
1278 1297
1064 1307
231 1319
627 1321
714 1321
943 1327
406 1361
898 1361
21 1367
339 1373
745 1373
836 1373
1338 1373
710 1381
353 1399
1411 1427
153 1433
426 1433
463 1433
468 1433
95 1451
604 1451
1060 1459
537 1481
519 1483
827 1487
1348 1489
1398 1489
615 1523
679 1523
987 1549
1326 1549
1457 1553
195 1559
1111 1559
1049 1567
1301 1567
1076 1571
53 1597
1029 1597
131 1601
475 1609
1149 1609
364 1619
1458 1619
969 1627
1049 1637
1103 1637
24 1657
1571 1657
280 1693
328 1697
884 1697
589 1699
1080 1721
628 1723
908 1733
1007 1733
1323 1733
1464 1733
982 1741
1645 1747
322 1753
794 1759
958 1777
1655 1777
506 1783
778 1783
783 1783
1367 1783
920 1801
1377 1801
1725 1811
194 1847
204 1847
505 1847
1436 1847
393 1861
100 1867
1393 1867
1238 1873
1289 1879
1068 1889
1350 1901
101 1931
771 1931
854 1951
1798 1951
229 1973
229 1973
311 1979
1811 1979
3 1987
195 1987
1564 1993
386 1997
943 1997
1371 1997
1401 1997
1953 1999
598 2003
1315 2003
1833 2029
317 2039
1894 2039
121 2081
195 2081
