5 13
6 13
9 17
11 17
24 29
30 31
21 37
31 37
30 41
25 43
33 53
4 59
40 59
22 67
32 67
20 79
60 79
47 83
41 101
52 101
47 113
91 113
22 131
8 137
20 137
123 139
130 139
46 151
62 151
39 157
49 157
52 167
139 167
21 173
138 179
158 179
4 191
148 191
24 193
2 197
51 197
77 197
80 197
136 197
72 211
203 211
98 227
168 229
174 229
12 239
167 239
168 239
198 239
233 239
75 251
146 251
85 257
142 269
44 271
61 271
127 277
241 277
75 281
222 281
178 283
216 283
17 331
64 331
196 337
126 347
290 347
190 349
214 349
272 353
167 359
312 359
39 367
302 379
112 397
333 409
103 419
391 419
259 421
345 421
426 431
198 443
140 449
266 449
123 457
150 457
330 479
95 487
109 487
236 491
429 499
439 499
69 503
255 503
207 521
269 521
340 523
130 541
14 547
131 547
216 563
329 563
356 569
448 569
35 571
166 571
5 577
507 577
61 593
147 593
589 599
591 601
591 601
254 607
367 613
115 619
122 619
288 631
453 631
624 641
195 643
262 643
514 647
560 647
452 661
50 673
70 673
144 691
455 691
368 701
629 701
85 709
682 709
27 733
401 733
348 739
514 739
74 757
477 757
81 769
373 769
504 773
583 773
492 787
584 787
60 811
296 811
690 821
28 823
533 823
825 827
118 829
139 857
228 859
325 859
692 863
733 863
29 883
709 883
20 887
188 911
832 911
545 919
792 919
269 929
513 929
270 937
365 937
478 941
895 941
188 947
648 947
205 967
358 967
40 977
80 977
91 983
111 991
274 1009
445 1009
652 1021
131 1031
586 1031
660 1033
679 1039
120 1061
821 1061
388 1063
616 1063
562 1087
211 1091
740 1103
130 1109
640 1109
73 1151
628 1151
1080 1163
781 1171
281 1187
805 1187
477 1193
930 1193
632 1201
722 1201
196 1217
360 1217
684 1223
585 1277
779 1277
1206 1283
568 1297
37 1301
227 1301
831 1301
1218 1301
1266 1301
852 1303
67 1307
1306 1319
318 1321
1276 1321
321 1327
783 1361
839 1367
139 1373
447 1409
990 1409
890 1423
144 1429
899 1429
828 1439
1125 1439
386 1447
525 1453
1404 1453
195 1459
528 1459
220 1471
1409 1471
67 1483
1085 1483
1256 1487
1286 1487
366 1489
77 1493
313 1493
335 1499
702 1499
618 1531
1114 1531
506 1549
309 1567
1211 1567
1021 1597
1457 1597
226 1601
1357 1601
885 1607
1084 1607
302 1619
1154 1621
1229 1621
1365 1627
754 1637
836 1637
265 1657
1096 1657
504 1663
283 1667
296 1667
128 1669
1175 1693
933 1697
1194 1699
1513 1699
1405 1721
963 1733
1503 1733
313 1753
1647 1753
405 1759
1619 1759
164 1787
1637 1787
1023 1823
1024 1823
816 1831
521 1861
933 1871
1452 1871
1486 1873
1849 1873
78 1879
691 1879
221 1889
221 1889
