1 3
2 3
3 5
2 7
3 7
5 11
9 11
10 11
10 71
51 71
56 71
59 71
5 79
23 79
30 79
73 79
8 83
18 83
45 83
59 83
16 97
19 97
42 97
57 97
17 149
112 149
125 149
127 149
60 167
119 167
127 167
136 167
89 173
115 173
150 173
151 173
4 179
91 179
111 179
170 179
23 191
66 191
114 191
146 191
26 211
99 211
104 211
118 211
80 223
188 223
210 223
213 223
88 257
105 257
116 257
160 257
83 283
113 283
161 283
185 283
27 293
34 293
103 293
184 293
28 307
65 307
146 307
293 307
63 313
67 313
135 313
192 313
40 389
53 389
55 389
172 389
28 431
66 431
301 431
312 431
196 449
249 449
263 449
355 449
33 467
80 467
246 467
322 467
