4 13
7 13
2 17
13 17
7 23
11 23
18 29
20 29
21 29
28 31
9 41
28 41
14 43
6 59
41 61
32 71
42 71
4 73
17 73
3 83
28 83
37 89
96 97
22 101
31 107
38 107
66 113
82 127
11 131
121 131
28 149
36 149
2 151
107 151
47 157
60 157
130 167
14 173
58 179
133 181
11 191
157 197
173 211
209 227
137 233
168 241
225 251
173 257
144 263
204 271
271 277
54 283
64 283
10 293
65 293
71 293
202 307
115 311
114 313
82 331
276 337
195 353
206 353
140 379
161 379
145 383
35 389
44 389
224 389
65 397
187 397
16 421
284 421
316 421
397 421
364 431
55 433
416 439
430 439
212 443
109 449
370 457
36 463
122 463
159 467
26 491
385 491
26 503
44 521
350 541
