1 2
1 2
4 7
5 7
3 11
6 11
8 11
12 13
4 17
1 19
13 19
11 29
25 31
3 41
17 41
23 41
57 71
11 73
35 73
65 73
2 79
43 83
53 97
73 97
87 97
85 101
66 103
20 107
58 107
74 107
33 109
17 113
6 127
93 127
96 127
24 131
8 139
63 149
40 151
67 151
75 151
116 163
60 181
91 191
131 193
114 197
10 227
35 227
129 227
59 229
68 229
74 229
218 239
95 257
24 263
246 277
145 283
286 307
45 317
48 317
151 317
207 331
260 331
266 331
99 353
194 359
220 367
229 373
312 379
39 389
244 397
177 409
294 409
299 409
290 419
49 421
160 431
267 449
33 457
143 461
325 461
349 461
198 479
359 491
108 523
407 541
45 547
117 547
504 547
223 569
392 571
165 577
277 577
453 577
121 587
458 587
462 587
32 599
129 607
28 613
332 617
99 619
203 631
183 641
159 643
401 647
253 677
405 677
543 677
490 683
503 683
674 683
184 701
513 727
466 733
75 743
384 751
319 769
638 773
767 787
324 809
468 811
451 823
48 827
101 827
216 827
464 829
113 839
307 853
782 853
804 853
221 857
412 863
86 877
95 881
722 887
19 911
440 941
616 941
928 941
301 947
613 947
767 947
699 953
278 977
857 977
925 977
486 983
357 991
585 991
597 991
564 997
998 1013
194 1019
257 1031
780 1033
604 1063
607 1069
795 1069
971 1069
980 1091
338 1097
573 1097
671 1097
766 1103
1073 1109
1096 1123
104 1129
432 1129
465 1129
64 1151
524 1151
1072 1151
529 1163
593 1171
957 1181
740 1187
38 1193
464 1201
419 1213
141 1217
178 1229
492 1231
1053 1231
1188 1231
44 1237
13 1249
926 1259
283 1277
290 1289
744 1289
1255 1289
151 1291
278 1297
840 1301
191 1303
218 1307
338 1319
801 1321
1055 1321
1077 1321
477 1327
514 1361
686 1361
1217 1361
745 1367
303 1373
1288 1373
1305 1373
1098 1381
385 1423
1176 1427
63 1429
682 1429
999 1429
379 1433
852 1433
1314 1433
113 1439
618 1439
1345 1439
1271 1453
766 1459
1234 1481
471 1487
533 1489
1133 1489
1144 1489
647 1493
933 1499
446 1511
391 1523
1531 1543
148 1553
1463 1559
692 1567
500 1579
841 1583
313 1597
375 1597
729 1597
396 1601
905 1601
1009 1601
1025 1607
789 1613
828 1613
1248 1613
1077 1621
146 1663
240 1669
533 1669
708 1669
1010 1693
1342 1697
540 1721
932 1721
1585 1721
1140 1723
238 1747
124 1777
888 1789
809 1801
865 1801
1125 1801
350 1811
1605 1831
122 1847
476 1847
836 1847
1720 1867
331 1873
879 1873
1701 1873
925 1877
1455 1877
1580 1877
1024 1879
531 1889
1618 1901
1646 1913
1828 1931
1387 1951
797 1979
