1 2
1 3
1 7
4 11
18 19
3 29
13 31
21 31
27 31
28 31
6 41
7 43
36 47
11 53
13 53
19 53
4 67
63 71
66 73
60 79
67 83
28 89
71 101
45 103
94 107
106 109
23 113
129 131
108 137
132 139
8 149
7 151
34 157
102 157
128 157
134 157
74 163
145 163
20 167
23 173
104 179
163 181
16 197
195 223
65 227
100 227
131 227
214 227
112 229
107 233
220 239
40 241
74 241
102 241
159 241
198 251
152 257
49 263
67 269
135 271
193 277
257 281
13 283
99 293
228 307
191 311
257 317
27 331
31 331
227 331
312 331
111 337
17 349
23 349
175 349
195 349
170 359
272 367
232 373
8 383
380 389
388 397
16 401
94 409
265 419
302 421
9 431
157 431
172 431
315 431
257 433
208 439
341 443
67 457
428 463
309 479
242 487
452 491
257 499
45 503
443 509
378 521
425 523
140 541
140 541
266 547
308 547
497 547
536 547
230 557
123 563
395 569
176 571
176 577
26 593
202 593
274 593
531 593
171 601
209 607
599 613
212 617
227 619
27 631
160 631
187 631
465 631
451 641
421 643
319 647
378 647
412 647
505 647
358 659
407 661
198 673
312 673
614 673
652 673
272 691
594 701
584 709
148 719
723 727
69 733
429 739
9 743
92 757
271 757
274 757
432 757
55 761
234 769
63 773
627 797
596 811
451 827
504 829
530 839
698 857
261 859
124 877
642 881
714 883
224 887
449 907
574 911
548 929
70 937
263 947
641 947
840 947
843 947
756 967
108 971
244 997
421 1013
29 1019
933 1021
148 1033
562 1049
428 1051
51 1061
250 1069
106 1087
141 1091
226 1093
538 1093
704 1093
977 1093
620 1097
125 1109
405 1117
857 1123
847 1129
388 1151
525 1153
391 1171
614 1171
674 1171
1025 1171
511 1181
651 1181
737 1181
1169 1181
545 1187
817 1193
218 1201
700 1213
14 1217
104 1223
990 1229
761 1231
638 1237
746 1249
467 1259
123 1283
150 1283
285 1283
1201 1283
814 1289
1130 1297
240 1301
2 1303
176 1303
416 1303
776 1303
623 1307
758 1319
185 1361
1097 1367
1087 1373
665 1399
143 1423
312 1427
1019 1427
1039 1427
1087 1427
502 1433
521 1447
395 1451
60 1453
1378 1471
143 1481
215 1483
537 1487
1461 1493
1334 1499
934 1511
1402 1523
1005 1543
1357 1549
411 1559
1068 1567
1354 1579
1353 1583
1233 1597
1567 1601
122 1619
1161 1621
1142 1627
1062 1637
1318 1663
125 1667
175 1667
690 1667
1433 1667
1657 1669
541 1693
1109 1697
1593 1699
661 1709
1617 1721
1686 1723
288 1733
366 1741
596 1747
1487 1759
153 1777
1315 1783
982 1789
859 1801
1172 1801
1486 1801
1793 1801
1368 1811
461 1847
473 1861
283 1867
1398 1873
687 1877
111 1889
905 1901
1317 1907
676 1913
676 1913
811 1949
811 1949
