8 11
9 11
7 13
12 13
10 23
19 23
18 37
25 37
15 47
38 47
14 59
51 59
11 61
56 61
31 71
46 71
24 73
55 73
16 83
73 83
13 97
90 97
21 107
92 107
52 109
63 109
41 131
96 131
75 157
88 157
65 167
108 167
22 179
163 179
36 181
151 181
27 191
170 191
17 193
182 193
53 227
180 227
74 229
161 229
109 239
136 239
59 241
188 241
79 251
178 251
26 263
243 263
133 277
150 277
28 311
289 311
86 313
233 313
48 337
295 337
98 347
255 347
168 349
187 349
166 359
199 359
134 373
245 373
162 383
227 383
23 397
380 397
171 409
244 409
32 419
393 419
77 421
350 421
39 431
398 431
54 433
385 433
174 443
275 443
148 457
315 457
169 467
304 467
34 479
451 479
116 491
381 491
235 503
274 503
60 541
487 541
124 563
445 563
141 577
442 577
45 587
548 587
191 599
414 599
118 601
489 601
297 613
322 613
125 647
528 647
179 659
486 659
66 661
601 661
29 673
650 673
40 683
649 683
281 709
434 709
318 719
407 719
130 733
609 733
142 743
607 743
246 757
517 757
103 769
672 769
265 827
568 827
403 829
432 829
44 839
801 839
140 853
719 853
409 863
460 863
249 877
634 877
189 887
704 887
321 911
596 911
78 937
865 937
371 947
582 947
57 971
920 971
107 983
882 983
346 997
657 997
152 1009
863 1009
378 1019
647 1019
35 1021
992 1021
157 1031
880 1031
386 1033
653 1033
320 1069
755 1069
351 1091
746 1091
84 1093
1015 1093
50 1103
1059 1103
195 1117
928 1117
368 1129
767 1129
176 1151
981 1151
37 1153
1122 1153
478 1163
691 1163
415 1187
778 1187
541 1201
666 1201
592 1213
627 1213
119 1223
1110 1223
344 1237
899 1237
520 1249
735 1249
483 1259
782 1259
294 1283
995 1283
379 1297
924 1297
314 1307
999 1307
631 1319
694 1319
324 1321
1003 1321
287 1367
1086 1367
137 1381
1250 1381
587 1427
846 1427
556 1429
879 1429
422 1439
1023 1439
69 1451
1388 1451
620 1453
839 1453
456 1487
1037 1487
184 1489
1311 1489
521 1499
984 1499
58 1511
1459 1511
202 1523
1327 1523
472 1549
1083 1549
717 1559
848 1559
413 1571
1164 1571
760 1583
829 1583
43 1597
1560 1597
740 1607
873 1607
247 1609
1368 1609
716 1619
909 1619
347 1621
1280 1621
619 1657
1044 1657
709 1667
964 1667
817 1669
858 1669
196 1693
1503 1693
286 1741
1461 1741
804 1753
955 1753
155 1777
1628 1777
267 1787
1526 1787
776 1789
1019 1789
464 1801
1343 1801
220 1811
1597 1811
720 1823
1109 1823
639 1847
1214 1847
384 1861
1483 1861
901 1871
976 1871
206 1873
1673 1873
516 1907
1397 1907
360 1931
1577 1931
47 1933
1892 1933
840 1979
1145 1979
919 1993
1080 1993
388 2003
1621 2003
261 2017
1762 2017
81 2027
1952 2027
277 2029
1758 2029
285 2039
1760 2039
114 2053
1945 2053
372 2063
1697 2063
621 2087
1472 2087
684 2089
1411 2089
681 2099
1424 2099
68 2111
2049 2111
49 2113
2070 2113
387 2137
1756 2137
555 2161
1612 2161
431 2207
1782 2207
800 2221
1427 2221
70 2243
2179 2243
706 2267
1567 2267
934 2269
1341 2269
120 2281
2167 2281
377 2293
1922 2293
860 2339
1485 2339
859 2341
1488 2341
87 2351
2270 2351
989 2377
1394 2377
1173 2389
1222 2389
544 2399
1861 2399
565 2411
1852 2411
254 2423
2175 2423
181 2437
2262 2437
692 2447
1761 2447
936 2459
1529 2459
844 2473
1635 2473
126 2521
2401 2521
594 2531
1943 2531
560 2543
1989 2543
741 2557
1822 2557
949 2579
1636 2579
1103 2591
1494 2591
1088 2593
1511 2593
991 2617
1632 2617
76 2663
2593 2663
878 2677
1805 2677
956 2687
1737 2687
1254 2689
1441 2689
93 2699
2612 2699
426 2711
2291 2711
508 2713
2211 2713
770 2749
1985 2749
1375 2797
1428 2797
367 2819
2458 2819
364 2833
2475 2833
1258 2843
1591 2843
447 2857
2416 2857
1396 2879
1489 2879
457 2903
2452 2903
480 2917
2443 2917
573 2927
2360 2927
263 2939
2682 2939
922 2953
2037 2953
80 2963
2889 2963
345 2999
2660 2999
1089 3001
1918 3001
185 3011
2832 3011
853 3023
2176 3023
138 3037
2905 3037
262 3049
2793 3049
604 3061
2463 3061
1252 3083
1837 3083
1058 3109
2057 3109
82 3119
3043 3119
703 3121
2424 3121
963 3167
2210 3167
1486 3169
1689 3169
327 3181
2860 3181
733 3191
2464 3191
391 3203
2818 3203
1390 3217
1833 3217
759 3229
2476 3229
791 3251
2466 3251
903 3253
2356 3253
1264 3299
2041 3299
635 3301
2672 3301
144 3313
3175 3313
363 3323
2966 3323
298 3347
3055 3347
1030 3359
2335 3359
61 3361
3306 3361
978 3371
2399 3371
575 3373
2804 3373
701 3407
2712 3407
876 3433
2563 3433
215 3457
3248 3457
105 3467
3368 3467
1708 3469
1767 3469
1564 3491
1933 3491
1367 3517
2156 3517
1668 3527
1865 3527
1334 3529
2201 3529
1002 3539
2543 3539
1304 3541
2243 3541
595 3613
3024 3613
492 3623
3137 3623
787 3637
2856 3637
944 3659
2721 3659
1786 3671
1891 3671
906 3673
2773 3673
540 3697
3163 3697
1827 3709
1888 3709
1139 3719
2586 3719
1694 3733
2045 3733
1363 3767
2410 3767
1523 3769
2252 3769
682 3779
3103 3779
1578 3793
2221 3793
504 3803
3305 3803
732 3851
3125 3851
424 3853
3435 3853
754 3863
3115 3863
535 3877
3348 3877
1528 3889
2367 3889
849 3911
3068 3911
1590 3923
2339 3923
1289 3947
2664 3947
1194 4007
2819 4007
886 4019
3139 4019
820 4021
3207 4021
1699 4057
2364 4057
1677 4079
2408 4079
998 4091
3099 4091
67 4093
4032 4093
1409 4127
2724 4127
626 4129
3509 4129
94 4139
4051 4139
395 4153
3764 4153
1031 4177
3152 4177
875 4201
3332 4201
779 4211
3438 4211
1976 4259
2289 4259
1946 4261
2321 4261
751 4271
3526 4271
1868 4273
2411 4273
1243 4283
3046 4283
1606 4297
2697 4297
241 4357
4122 4357
1944 4391
2453 4391
1130 4441
3317 4441
1380 4451
3077 4451
461 4463
4008 4463
1316 4513
3203 4513
423 4523
4106 4523
1169 4547
3384 4547
1809 4549
2746 4549
2003 4561
2564 4561
523 4583
4066 4583
1558 4597
3045 4597
71 4621
4556 4621
229 4643
4420 4643
2065 4657
2598 4657
1290 4679
3395 4679
1599 4691
3098 4691
100 4703
4609 4703
1662 4729
3073 4729
2022 4751
2735 4751
2105 4787
2688 4787
1095 4789
3700 4789
123 4799
4682 4799
328 4801
4479 4801
425 4813
4394 4813
941 4861
3926 4861
570 4871
4307 4871
585 4909
4330 4909
441 4919
4484 4919
1294 4931
3643 4931
837 4933
4102 4933
485 4943
4464 4943
1935 4957
3028 4957
341 4967
4632 4967
1144 4969
3831 4969
1269 4993
3730 4993
599 5003
4410 5003
2461 5039
2584 5039
788 5051
4269 5051
1208 5077
3875 5077
1665 5087
3428 5087
104 5099
5001 5099
338 5101
4769 5101
1869 5113
3250 5113
1798 5147
3355 5147
2342 5171
2835 5171
2205 5197
2998 5197
2122 5209
3093 5209
765 5231
4472 5231
2337 5233
2902 5233
2522 5279
2763 5279
1305 5281
3982 5281
106 5303
5203 5303
376 5351
4981 5351
355 5387
5038 5387
2282 5399
3123 5399
502 5413
4917 5413
2231 5437
3212 5437
1844 5449
3611 5449
2099 5471
3378 5471
2043 5483
3446 5483
2277 5507
3236 5507
1634 5519
3891 5519
1994 5521
3533 5521
1418 5531
4119 5531
823 5557
4740 5557
2194 5569
3381 5569
186 5581
5401 5581
251 5591
5346 5591
2182 5639
3463 5639
898 5641
4749 5641
795 5651
4862 5651
1220 5653
4439 5653
1990 5689
3705 5689
1128 5701
4579 5701
1871 5711
3846 5711
2164 5737
3579 5737
1894 5749
3861 5749
1186 5783
4603 5783
135 5807
5678 5807
986 5821
4841 5821
624 5843
5225 5843
2075 5857
3788 5857
2533 5867
3340 5867
469 5869
5406 5869
2093 5879
3792 5879
1454 5881
4433 5881
2386 5903
3523 5903
2015 5927
3918 5927
112 5939
5833 5939
192 5953
5767 5953
2216 5987
3777 5987
2274 6011
3743 6011
2191 6037
3852 6037
1608 6047
4445 6047
2899 6073
3180 6073
1921 6121
4206 6121
2824 6131
3313 6131
1012 6133
5127 6133
1964 6143
4185 6143
1705 6203
4504 6203
1444 6217
4779 6217
3078 6229
3157 6229
2774 6263
3495 6263
1162 6277
5121 6277
3015 6287
3278 6287
1783 6299
4522 6299
459 6301
5848 6301
1790 6311
4527 6311
1240 6323
5089 6323
198 6337
6145 6337
501 6359
5864 6359
1167 6361
5200 6361
2154 6373
4225 6373
83 6397
6320 6397
1536 6421
4891 6421
293 6469
6182 6469
714 6481
5773 6481
737 6491
5760 6491
382 6529
6153 6529
685 6551
5872 6551
1372 6553
5187 6553
841 6563
5728 6563
2810 6577
3773 6577
2241 6599
4364 6599
471 6637
6172 6637
2534 6659
4131 6659
2803 6661
3864 6661
1198 6673
5481 6673
2907 6709
3808 6709
2745 6719
3980 6719
204 6733
6535 6733
1067 6779
5718 6779
1147 6781
5640 6781
1842 6791
4955 6791
562 6793
6237 6793
3057 6803
3752 6803
519 6827
6314 6827
2180 6829
4655 6829
1734 6841
5113 6841
1004 6863
5865 6863
641 6899
6264 6899
147 6911
6770 6911
428 6947
6525 6947
394 6949
6561 6949
763 6959
6202 6959
1113 6961
5854 6961
1815 6971
5162 6971
926 6983
6063 6983
814 6997
6189 6997
2755 7019
4270 7019
2844 7043
4205 7043
3276 7057
3787 7057
3296 7069
3779 7069
122 7079
6963 7079
728 7103
6381 7103
283 7127
6850 7127
2896 7129
4239 7129
690 7151
6467 7151
1776 7177
5407 7177
1763 7187
5430 7187
436 7211
6781 7211
3567 7213
3652 7213
2223 7237
5020 7237
1021 7247
6232 7247
2892 7283
4397 7283
311 7297
6992 7297
2479 7307
4834 7307
404 7309
6911 7309
1450 7321
5877 7321
3375 7331
3962 7331
1568 7333
5771 7333
2488 7369
4887 7369
89 7393
7310 7393
2197 7417
5226 7417
1046 7451
6411 7451
2320 7477
5163 7477
3603 7487
3890 7487
3116 7489
4379 7489
153 7499
7352 7499
2372 7523
5157 7523
2126 7537
5417 7537
2371 7547
5182 7547
2980 7549
4575 7549
1757 7559
5808 7559
216 7561
7351 7561
1040 7573
6539 7573
1315 7583
6274 7583
1644 7607
5969 7607
774 7621
6853 7621
2454 7643
5195 7643
3053 7669
4622 7669
319 7681
7368 7681
1726 7691
5971 7691
758 7703
6951 7703
2546 7717
5177 7717
2072 7727
5661 7727
91 7741
7656 7741
416 7753
7343 7753
3644 7789
4151 7789
454 7823
7375 7823
1949 7873
5930 7873
2858 7883
5031 7883
1906 7907
6007 7907
3026 7919
4899 7919
3589 7933
4350 7933
222 7993
7777 7993
1393 8017
6630 8017
433 8039
7612 8039
3140 8053
4919 8053
3269 8087
4824 8087
3025 8089
5070 8089
2204 8101
5903 8101
159 8111
7958 8111
1959 8123
6170 8123
1433 8147
6720 8147
2173 8161
5994 8161
1545 8171
6632 8171
2881 8209
5334 8209
1068 8219
7157 8219
3667 8221
4560 8221
2954 8231
5283 8231
2084 8233
6155 8233
3841 8243
4408 8243
4092 8269
4183 8269
305 8291
7992 8291
3431 8293
4868 8293
1178 8317
7145 8317
2573 8329
5762 8329
3233 8353
5126 8353
3159 8363
5210 8363
785 8377
7598 8377
2643 8387
5750 8387
3377 8389
5018 8389
4135 8423
4294 8423
1360 8447
7093 8447
95 8461
8372 8461
2699 8521
5828 8521
3394 8543
5155 8543
337 8581
8250 8581
802 8627
7831 8627
2244 8629
6391 8629
537 8641
8110 8641
1566 8663
7103 8663
1651 8677
7032 8677
2499 8689
6196 8689
3708 8699
4997 8699
908 8713
7811 8713
2053 8737
6690 8737
165 8747
8588 8747
1774 8761
6993 8761
1415 8783
7374 8783
1791 8807
7022 8807
3851 8819
4974 8819
