1 3
2 7
4 7
10 17
13 17
4 31
22 31
24 31
26 31
16 41
28 41
40 41
13 43
31 43
38 43
39 43
7 53
19 53
21 53
40 53
10 61
23 61
27 61
49 61
1 67
6 67
33 67
47 67
29 131
67 131
78 131
82 131
21 149
60 149
118 149
143 149
66 181
89 181
153 181
178 181
16 191
34 191
44 191
130 191
32 199
60 199
61 199
192 199
102 227
106 227
107 227
156 227
52 239
120 239
159 239
229 239
31 263
73 263
125 263
214 263
21 331
80 331
93 331
315 331
30 359
66 359
138 359
283 359
84 367
94 367
124 367
137 367
17 389
165 389
231 389
280 389
22 397
100 397
113 397
327 397
44 419
148 419
177 419
265 419
71 439
249 439
323 439
396 439
100 457
180 457
335 457
422 457
13 521
334 521
381 521
505 521
