1 3
2 3
5 7
2 11
16 19
4 31
9 31
30 31
5 37
11 37
29 37
8 83
41 83
47 83
34 103
43 103
52 103
17 107
57 107
99 107
79 113
89 113
97 113
48 151
63 151
134 151
57 163
76 163
102 163
123 179
141 179
157 179
104 191
156 191
172 191
121 197
126 197
127 197
48 227
140 227
202 227
13 229
120 229
198 229
37 239
117 239
235 239
20 277
180 277
226 277
47 293
196 293
261 293
9 311
119 311
294 311
126 331
268 331
296 331
20 349
219 349
330 349
60 353
330 353
346 353
185 373
232 373
293 373
181 379
197 379
309 379
3 419
86 419
366 419
12 449
265 449
374 449
278 457
341 457
376 457
11 463
242 463
250 463
72 467
153 467
155 467
40 487
237 487
385 487
140 521
146 521
375 521
17 563
418 563
433 563
229 569
232 569
468 569
268 571
391 571
429 571
198 577
340 577
509 577
68 601
422 601
546 601
26 607
64 607
239 607
32 619
39 619
152 619
146 647
166 647
627 647
198 653
232 653
399 653
7 673
499 673
532 673
236 677
567 677
672 677
180 683
229 683
334 683
161 691
176 691
666 691
114 733
573 733
577 733
256 761
347 761
571 761
105 787
361 787
462 787
159 797
615 797
673 797
107 809
273 809
574 809
212 829
388 829
453 829
155 863
641 863
771 863
106 881
298 881
555 881
188 911
494 911
641 911
521 919
632 919
850 919
279 977
398 977
742 977
452 1019
558 1019
748 1019
492 1033
563 1033
915 1033
221 1063
624 1063
989 1063
53 1091
205 1091
335 1091
55 1103
148 1103
196 1103
39 1109
605 1109
967 1109
240 1129
268 1129
311 1129
210 1151
711 1151
1065 1151
459 1171
557 1171
1111 1171
1002 1217
1152 1217
1163 1217
33 1223
656 1223
1199 1223
152 1291
420 1291
1069 1291
537 1303
804 1303
1026 1303
94 1319
240 1319
863 1319
24 1361
898 1361
1303 1361
776 1367
1140 1367
1313 1367
280 1399
487 1399
1393 1399
89 1433
563 1433
1300 1433
436 1451
1156 1451
1176 1451
134 1471
862 1471
1409 1471
538 1481
947 1481
1071 1481
242 1483
486 1483
1427 1483
351 1489
382 1489
1160 1489
257 1493
989 1493
1195 1493
117 1531
239 1531
477 1531
53 1559
228 1559
709 1559
544 1597
620 1597
1302 1597
166 1607
775 1607
810 1607
690 1627
1112 1627
1302 1627
19 1699
61 1699
1308 1699
87 1709
990 1709
1096 1709
55 1721
1413 1721
1659 1721
396 1741
582 1741
1394 1741
655 1747
731 1747
1153 1747
727 1759
1069 1759
1560 1759
171 1787
287 1787
1002 1787
533 1823
1070 1823
1378 1823
156 1831
182 1831
1158 1831
139 1861
895 1861
1840 1861
536 1873
922 1873
1094 1873
680 1889
980 1889
1429 1889
281 1901
712 1901
1770 1901
288 1907
828 1907
1309 1907
54 1931
1005 1931
1221 1931
737 1949
977 1949
1296 1949
737 1949
977 1949
1296 1949
861 1987
958 1987
1611 1987
109 2003
490 2003
1584 2003
705 2053
1104 2053
1735 2053
1281 2063
1404 2063
1814 2063
317 2083
865 2083
1467 2083
456 2089
1587 2089
1943 2089
1208 2129
1412 2129
2023 2129
585 2203
1137 2203
1280 2203
834 2243
1638 2243
1808 2243
765 2269
1040 2269
1287 2269
739 2273
1432 2273
1753 2273
289 2281
535 2281
2077 2281
696 2287
1778 2287
1890 2287
153 2311
500 2311
1866 2311
102 2357
105 2357
648 2357
269 2383
462 2383
1000 2383
703 2393
734 2393
1389 2393
37 2459
1108 2459
1759 2459
754 2477
999 2477
2073 2477
322 2539
963 2539
2406 2539
623 2557
638 2557
829 2557
390 2591
1013 2591
1657 2591
546 2621
726 2621
2300 2621
1665 2633
1933 2633
2384 2633
16 2659
2081 2659
2252 2659
511 2671
1503 2671
1869 2671
63 2687
1746 2687
1853 2687
328 2699
1494 2699
1611 2699
680 2729
1147 2729
1148 2729
223 2767
1316 2767
1729 2767
93 2801
386 2801
1556 2801
265 2819
1289 2819
2288 2819
66 2843
566 2843
1692 2843
626 2851
1486 2851
2292 2851
464 2857
525 2857
827 2857
1352 2861
2288 2861
2340 2861
920 2887
1640 2887
2687 2887
97 2927
222 2927
2872 2927
1092 2953
1516 2953
2759 2953
943 2957
1340 2957
2016 2957
995 2963
1044 2963
1730 2963
322 2971
872 2971
2045 2971
291 3001
1251 3001
2821 3001
6 3041
264 3041
2216 3041
589 3067
1481 3067
2389 3067
798 3079
2183 3079
2895 3079
359 3089
1394 3089
2738 3089
1142 3109
1385 3109
2841 3109
347 3181
1424 3181
3143 3181
191 3191
411 3191
2877 3191
901 3203
1525 3203
2522 3203
93 3229
162 3229
330 3229
867 3257
1161 3257
1523 3257
42 3299
422 3299
2533 3299
800 3307
1976 3307
2934 3307
1505 3313
1745 3313
1868 3313
1055 3343
2389 3343
2936 3343
1486 3371
1927 3371
2714 3371
1986 3389
2460 3389
2638 3389
1087 3413
1702 3413
1863 3413
650 3457
1717 3457
2345 3457
1612 3469
3039 3469
3231 3469
620 3527
2313 3527
3157 3527
1558 3533
1832 3533
2068 3533
616 3541
2935 3541
3207 3541
616 3541
2935 3541
3207 3541
616 3541
2935 3541
3207 3541
202 3571
760 3571
1633 3571
553 3583
1759 3583
3549 3583
2061 3617
3212 3617
3603 3617
221 3637
1046 3637
1376 3637
840 3659
2737 3659
2741 3659
230 3697
641 3697
3160 3697
826 3761
1105 3761
1486 3761
1043 3769
1823 3769
3642 3769
2418 3793
3256 3793
3634 3793
1308 3877
2600 3877
3139 3877
133 3907
2601 3907
3302 3907
463 3989
830 3989
1606 3989
1361 4001
2110 4001
3074 4001
1592 4021
3390 4021
3789 4021
1153 4027
1538 4027
1700 4027
150 4073
1403 4073
3999 4073
2171 4093
2716 4093
3669 4093
1973 4111
2228 4111
2524 4111
399 4153
1175 4153
3332 4153
1357 4211
1917 4211
2849 4211
603 4217
2352 4217
2410 4217
1604 4219
3594 4219
4005 4219
300 4229
3334 4229
4053 4229
624 4283
2355 4283
2470 4283
87 4339
942 4339
2519 4339
1050 4363
2728 4363
3756 4363
236 4397
2813 4397
4144 4397
1372 4409
2387 4409
2652 4409
34 4447
2387 4447
3641 4447
479 4457
847 4457
1103 4457
2884 4483
3147 4483
3748 4483
966 4523
1701 4523
4321 4523
2041 4549
3531 4549
4351 4549
1660 4561
2072 4561
4144 4561
1201 4567
1941 4567
3914 4567
1224 4591
1408 4591
3209 4591
1545 4597
3160 4597
4069 4597
2987 4637
3127 4637
4001 4637
369 4643
1151 4643
3543 4643
2215 4663
2482 4663
4203 4663
1397 4673
1885 4673
3513 4673
406 4723
1246 4723
4357 4723
799 4751
4131 4751
4138 4751
1294 4787
1341 4787
4761 4787
3309 4789
3743 4789
3830 4789
3115 4799
3992 4799
4234 4799
408 4871
2422 4871
4253 4871
14 4903
64 4903
3040 4903
411 4909
649 4909
723 4909
714 4933
1564 4933
1756 4933
1925 4951
3589 4951
4836 4951
1310 4967
2206 4967
2352 4967
1531 5009
1784 5009
3058 5009
1269 5023
3692 5023
3713 5023
209 5081
1778 5081
2630 5081
1002 5099
2452 5099
2570 5099
343 5119
3033 5119
3137 5119
390 5167
598 5167
2298 5167
143 5179
2801 5179
4587 5179
182 5233
1236 5233
1910 5233
1075 5237
1464 5237
3172 5237
28 5281
2047 5281
3684 5281
788 5309
1462 5309
1609 5309
1131 5347
1381 5347
3319 5347
170 5351
597 5351
3609 5351
708 5407
2009 5407
3671 5407
2201 5441
2471 5441
4724 5441
2965 5471
4290 5471
5177 5471
2856 5479
3542 5479
5056 5479
2189 5483
3374 5483
4404 5483
342 5503
717 5503
940 5503
3010 5521
3359 5521
4169 5521
3589 5623
5129 5623
5593 5623
891 5651
3661 5651
4693 5651
2239 5669
5053 5669
5590 5669
273 5689
3911 5689
4606 5689
1120 5693
1397 5693
4209 5693
3636 5701
4550 5701
5287 5701
1043 5711
3858 5711
3923 5711
145 5737
3182 5737
3451 5737
169 5749
1921 5749
2089 5749
4175 5783
5491 5783
5578 5783
651 5807
4694 5807
5739 5807
769 5813
4021 5813
5777 5813
855 5821
1141 5821
1177 5821
3005 5851
3193 5851
4970 5851
2340 5879
2595 5879
5752 5879
398 5897
1793 5897
4240 5897
1947 5927
2276 5927
4396 5927
1627 5939
3870 5939
5839 5939
253 6011
271 6011
4392 6011
456 6043
2790 6043
4443 6043
1209 6053
1228 6053
5815 6053
200 6073
1456 6073
4967 6073
538 6079
4573 6079
5387 6079
185 6091
1215 6091
2474 6091
90 6163
3405 6163
4907 6163
643 6221
1962 6221
4745 6221
887 6263
2816 6263
4266 6263
736 6269
2361 6269
2600 6269
3345 6271
4750 6271
5015 6271
2173 6277
3356 6277
5311 6277
143 6301
3255 6301
5765 6301
3558 6353
4686 6353
5615 6353
539 6373
3347 6373
4223 6373
361 6421
3750 6421
6394 6421
642 6449
3249 6449
4901 6449
3134 6491
4202 6491
6234 6491
2828 6529
5568 6529
5847 6529
1940 6547
3151 6547
5025 6547
2091 6563
3183 6563
6060 6563
604 6581
734 6581
1053 6581
2836 6619
3487 6619
4506 6619
2879 6661
5128 6661
6524 6661
3697 6689
5049 6689
5238 6689
989 6719
4336 6719
4446 6719
429 6733
2826 6733
4088 6733
1459 6737
2019 6737
2032 6737
103 6763
4390 6763
5342 6763
1780 6791
2086 6791
4775 6791
1310 6803
1759 6803
2495 6803
942 6829
2504 6829
6485 6829
3157 6833
3493 6833
3908 6833
2938 6841
4319 6841
5801 6841
1263 6871
4418 6871
6185 6871
1385 6917
3796 6917
4878 6917
1195 6947
2891 6947
4122 6947
60 6961
3270 6961
6793 6961
2147 6991
2229 6991
3884 6991
2124 7019
2683 7019
2848 7019
1222 7057
2164 7057
4952 7057
384 7069
1445 7069
3310 7069
94 7079
504 7079
687 7079
3945 7151
5212 7151
5793 7151
1632 7193
1821 7193
3084 7193
2987 7213
4390 7213
4424 7213
2436 7219
3675 7219
3731 7219
109 7247
3477 7247
6953 7247
1515 7297
1953 7297
5817 7297
1593 7307
2626 7307
5743 7307
980 7333
4564 7333
7120 7333
5777 7411
6608 7411
7151 7411
1333 7417
4299 7417
4480 7417
4626 7459
4893 7459
6075 7459
732 7487
5787 7487
6411 7487
1343 7517
2790 7517
5432 7517
1258 7523
1802 7523
3777 7523
2076 7561
2220 7561
5325 7561
1888 7573
4487 7573
7392 7573
424 7589
3018 7589
3455 7589
4522 7607
4736 7607
7337 7607
250 7639
2731 7639
3267 7639
1569 7649
3051 7649
5113 7649
2267 7669
2823 7669
6760 7669
2010 7687
3469 7687
5700 7687
5449 7703
6205 7703
6551 7703
777 7741
5026 7741
6862 7741
29 7753
3956 7753
7290 7753
1707 7759
3906 7759
4260 7759
1907 7789
1995 7789
4593 7789
496 7817
873 7817
4314 7817
2681 7829
3596 7829
6532 7829
863 7867
4156 7867
7137 7867
3703 7873
3810 7873
5368 7873
1738 7877
3205 7877
3648 7877
