1 2
1 3
2 3
3 5
2 17
9 17
16 17
8 59
11 59
37 59
3 83
22 83
23 83
40 83
36 89
43 89
55 89
84 89
30 97
41 97
43 97
89 97
13 131
46 131
96 131
110 131
21 241
29 241
48 241
58 241
14 251
64 251
179 251
216 251
26 283
152 283
153 283
207 283
179 307
202 307
275 307
297 307
22 331
97 331
262 331
293 331
143 337
210 337
211 337
265 337
25 347
29 347
45 347
337 347
165 353
203 353
268 353
346 353
60 379
94 379
195 379
307 379
125 401
163 401
184 401
290 401
146 457
192 457
306 457
325 457
166 491
181 491
268 491
451 491
167 521
388 521
391 521
450 521
242 523
346 523
392 523
510 523
242 523
346 523
392 523
510 523
249 571
338 571
472 571
558 571
330 601
348 601
394 601
416 601
192 617
211 617
270 617
384 617
42 619
252 619
298 619
374 619
336 643
468 643
496 643
499 643
523 659
536 659
557 659
574 659
77 683
374 683
478 683
623 683
365 739
460 739
553 739
702 739
11 761
15 761
186 761
395 761
82 769
166 769
394 769
597 769
249 811
299 811
461 811
710 811
117 827
212 827
230 827
451 827
98 883
592 883
632 883
789 883
26 907
117 907
327 907
653 907
414 929
481 929
496 929
578 929
443 947
524 947
611 947
702 947
507 977
590 977
660 977
678 977
221 1019
637 1019
786 1019
982 1019
99 1051
229 1051
576 1051
700 1051
557 1097
706 1097
984 1097
989 1097
243 1123
251 1123
285 1123
1030 1123
10 1129
132 1129
527 1129
633 1129
32 1153
211 1153
336 1153
907 1153
226 1187
921 1187
974 1187
1139 1187
25 1193
588 1193
709 1193
1085 1193
123 1217
611 1217
690 1217
722 1217
115 1249
209 1249
447 1249
881 1249
37 1259
416 1259
765 1259
874 1259
23 1283
497 1283
1030 1283
1169 1283
268 1297
570 1297
707 1297
764 1297
14 1427
996 1427
1201 1427
1321 1427
94 1459
194 1459
793 1459
997 1459
76 1481
288 1481
457 1481
962 1481
320 1489
871 1489
893 1489
1450 1489
90 1499
204 1499
297 1499
985 1499
365 1531
603 1531
727 1531
745 1531
524 1553
715 1553
763 1553
1368 1553
443 1579
470 1579
662 1579
995 1579
516 1601
719 1601
976 1601
1236 1601
307 1619
932 1619
1226 1619
1597 1619
78 1657
284 1657
1141 1657
1222 1657
630 1699
672 1699
961 1699
963 1699
87 1747
708 1747
1108 1747
1651 1747
307 1753
1052 1753
1441 1753
1509 1753
207 1787
438 1787
807 1787
1305 1787
668 1811
1258 1811
1602 1811
1783 1811
15 1867
228 1867
235 1867
1548 1867
326 1889
333 1889
787 1889
860 1889
124 1907
1193 1907
1328 1907
1493 1907
187 1931
281 1931
871 1931
1411 1931
494 2011
653 2011
825 2011
1335 2011
1025 2027
1233 2027
1799 2027
1853 2027
342 2089
949 2089
1257 2089
1737 2089
342 2089
949 2089
1257 2089
1737 2089
