1 3
1 5
4 5
2 7
4 17
10 17
11 17
3 29
20 29
22 29
23 31
6 59
11 59
19 59
17 97
48 97
61 97
5 103
41 103
88 103
16 139
51 139
115 139
49 173
75 173
161 173
17 179
110 179
168 179
20 191
23 191
81 191
81 193
83 193
90 193
42 241
112 241
164 241
132 257
137 257
156 257
227 281
251 281
268 281
42 331
170 331
226 331
226 337
257 337
300 337
166 347
191 347
218 347
221 349
280 349
310 349
112 353
219 353
254 353
54 359
247 359
294 359
45 383
217 383
373 383
195 389
220 389
230 389
184 409
372 409
395 409
22 419
65 419
189 419
27 431
101 431
156 431
41 433
244 433
289 433
129 439
141 439
312 439
184 443
242 443
309 443
114 449
305 449
326 449
7 461
44 461
253 461
46 463
272 463
296 463
28 479
307 479
460 479
75 509
383 509
387 509
137 521
225 521
503 521
197 569
365 569
383 569
139 577
308 577
319 577
255 587
337 587
383 587
315 607
514 607
584 607
102 613
214 613
498 613
424 643
513 643
560 643
128 659
144 659
164 659
572 677
602 677
628 677
55 691
272 691
591 691
186 733
344 733
444 733
174 743
359 743
702 743
423 787
676 787
734 787
15 809
568 809
762 809
85 823
347 823
662 823
171 839
485 839
739 839
30 853
334 853
770 853
347 859
824 859
830 859
79 863
219 863
274 863
181 877
365 877
620 877
317 883
343 883
514 883
110 919
317 919
795 919
139 953
193 953
300 953
296 971
641 971
678 971
288 1013
642 1013
755 1013
256 1021
270 1021
832 1021
325 1061
687 1061
753 1061
72 1093
100 1093
189 1093
388 1109
506 1109
951 1109
35 1123
604 1123
855 1123
36 1129
548 1129
918 1129
449 1163
554 1163
932 1163
48 1217
70 1217
690 1217
418 1277
523 1277
1184 1277
170 1297
276 1297
1280 1297
270 1301
901 1301
994 1301
173 1303
682 1303
879 1303
141 1307
847 1307
1187 1307
386 1319
510 1319
1299 1319
124 1327
813 1327
829 1327
675 1361
775 1361
815 1361
128 1399
564 1399
1170 1399
404 1427
830 1427
1141 1427
436 1447
677 1447
813 1447
101 1481
354 1481
529 1481
677 1493
694 1493
1114 1493
298 1511
959 1511
1258 1511
941 1543
1134 1543
1522 1543
130 1559
1119 1559
1346 1559
237 1583
308 1583
507 1583
203 1597
812 1597
1111 1597
369 1601
1037 1601
1259 1601
343 1709
958 1709
1544 1709
1424 1721
1479 1721
1683 1721
143 1733
271 1733
738 1733
1120 1741
1246 1741
1693 1741
1216 1753
1275 1753
1596 1753
102 1787
186 1787
900 1787
463 1811
818 1811
1734 1811
387 1823
1028 1823
1620 1823
497 1861
895 1861
1086 1861
1379 1871
1781 1871
1826 1871
484 1879
604 1879
1414 1879
716 1889
831 1889
1598 1889
407 1913
881 1913
1897 1913
344 1979
363 1979
609 1979
