1 2
1 2
1 7
2 7
3 7
4 7
5 7
6 7
3 13
5 17
9 17
14 17
6 23
13 23
18 23
13 37
16 37
29 37
25 59
32 59
34 59
20 83
28 83
79 83
27 89
54 89
55 89
18 107
45 107
100 107
22 137
55 137
131 137
7 181
113 181
154 181
27 199
135 199
139 199
83 227
127 227
133 227
28 239
127 239
206 239
155 241
224 241
226 241
189 257
222 257
234 257
74 269
104 269
228 269
61 271
118 271
230 271
65 277
97 277
256 277
95 281
120 281
209 281
8 307
34 307
114 307
114 337
126 337
268 337
10 347
63 347
103 347
45 401
61 401
97 401
249 409
385 409
391 409
54 421
199 421
381 421
30 439
277 439
354 439
94 457
279 457
315 457
26 463
88 463
120 463
113 487
180 487
440 487
32 509
333 509
401 509
339 523
468 523
503 523
143 547
152 547
528 547
90 563
293 563
464 563
198 569
272 569
386 569
92 641
424 641
448 641
230 653
246 653
506 653
82 683
288 683
657 683
63 691
339 691
637 691
41 701
484 701
529 701
74 727
126 727
166 727
87 751
128 751
163 751
107 773
418 773
637 773
551 787
643 787
776 787
163 811
450 811
606 811
79 821
529 821
626 821
176 823
331 823
730 823
150 827
471 827
622 827
306 853
439 853
537 853
552 883
784 883
874 883
291 887
316 887
726 887
686 911
744 911
850 911
288 937
415 937
705 937
93 947
111 947
272 947
11 967
564 967
878 967
283 997
383 997
832 997
116 1009
460 1009
940 1009
700 1033
880 1033
1005 1033
253 1069
585 1069
768 1069
229 1091
504 1091
906 1091
329 1093
520 1093
793 1093
313 1109
410 1109
943 1109
206 1129
421 1129
1069 1129
758 1151
1013 1151
1109 1151
92 1181
628 1181
1054 1181
340 1187
456 1187
987 1187
363 1217
579 1217
886 1217
1000 1229
1008 1229
1067 1229
81 1237
709 1237
1068 1237
270 1291
721 1291
948 1291
232 1297
586 1297
1130 1297
12 1301
100 1301
541 1301
177 1319
774 1319
1030 1319
442 1361
553 1361
1049 1361
217 1367
533 1367
1303 1367
819 1373
1301 1373
1315 1373
301 1381
471 1381
1302 1381
475 1399
806 1399
820 1399
88 1429
289 1429
340 1429
144 1433
168 1433
407 1433
1045 1439
1201 1439
1354 1439
118 1483
162 1483
464 1483
538 1493
801 1493
903 1493
23 1531
1064 1531
1212 1531
725 1543
780 1543
812 1543
166 1549
640 1549
1520 1549
243 1579
563 1579
1565 1579
31 1601
50 1601
722 1601
458 1621
671 1621
1305 1621
297 1637
936 1637
1225 1637
363 1697
676 1697
1509 1697
570 1721
938 1721
1076 1721
135 1733
1180 1733
1287 1733
491 1783
856 1783
1330 1783
217 1847
1076 1847
1480 1847
1257 1877
1655 1877
1783 1877
36 1879
1168 1879
1617 1879
563 1907
1005 1907
1295 1907
53 1913
1154 1913
1665 1913
504 1979
917 1979
1550 1979
