1 2
2 3
2 5
1 7
10 11
10 13
4 17
18 23
22 29
21 31
3 41
36 43
41 47
31 59
30 61
56 67
5 71
8 71
22 71
42 71
37 79
10 83
61 97
35 101
88 103
73 113
121 131
88 137
55 139
100 149
46 151
121 157
47 167
168 173
112 191
146 193
62 197
76 197
109 197
153 197
16 199
110 199
126 199
152 199
130 211
165 223
190 227
47 229
62 233
87 233
94 233
229 233
125 239
215 241
243 257
158 263
9 277
180 281
73 283
241 293
163 311
245 313
98 317
310 331
178 337
212 347
251 349
227 353
28 367
371 373
124 379
125 379
229 379
286 379
70 383
291 389
76 401
55 409
385 419
292 421
6 439
363 443
313 457
447 461
16 463
264 479
476 491
422 499
7 503
40 503
41 503
421 503
454 509
145 521
160 521
358 521
385 521
244 523
381 523
448 523
502 523
205 541
249 541
255 541
379 541
272 547
66 563
413 569
125 571
240 587
495 599
461 601
531 607
311 617
151 619
170 641
543 643
560 653
378 659
135 661
365 673
182 677
220 691
490 709
128 727
223 733
18 739
210 739
255 739
262 739
317 743
241 751
249 757
611 757
671 757
746 757
72 761
75 769
562 787
596 797
293 821
638 823
439 839
654 853
489 857
415 859
702 877
264 887
571 907
401 911
625 929
465 941
324 947
223 967
193 971
455 971
551 971
749 971
358 977
588 983
788 997
724 1013
473 1019
144 1021
915 1031
130 1033
311 1039
916 1049
773 1051
863 1069
689 1087
132 1091
594 1093
374 1103
1035 1109
197 1117
462 1117
496 1117
1085 1117
806 1123
994 1129
519 1163
757 1181
1114 1193
649 1201
942 1213
276 1217
873 1229
237 1231
1146 1237
995 1249
258 1283
581 1289
229 1291
102 1301
638 1303
611 1307
400 1319
1085 1321
866 1327
781 1361
38 1373
446 1381
424 1399
935 1409
1370 1427
1136 1429
879 1433
1369 1447
1079 1451
540 1453
245 1471
580 1481
182 1483
142 1487
1111 1489
547 1499
1260 1523
1195 1543
835 1553
476 1559
929 1571
730 1579
323 1597
240 1607
925 1609
1138 1613
469 1619
610 1619
888 1619
1277 1619
1005 1627
73 1637
203 1637
1383 1637
1621 1637
1310 1663
463 1667
897 1669
245 1697
1233 1699
886 1721
595 1723
1285 1733
992 1741
899 1753
12 1759
727 1777
1221 1787
640 1789
983 1811
671 1823
1601 1831
1661 1847
259 1861
1543 1867
321 1871
663 1871
1318 1871
1446 1871
1042 1877
152 1879
288 1889
1712 1889
1813 1889
1860 1889
1321 1901
639 1907
1660 1907
1686 1907
1742 1907
1185 1913
842 1931
1867 1933
75 1949
163 1951
737 1973
1459 1987
330 1993
11 2003
305 2011
1428 2027
1752 2029
1054 2039
1375 2063
2069 2081
294 2083
111 2099
596 2111
473 2113
1258 2129
878 2131
973 2137
1366 2153
652 2161
1657 2161
2056 2161
2124 2161
1043 2179
1619 2179
1720 2179
2161 2179
1592 2203
1978 2207
1883 2221
1787 2237
1134 2239
163 2243
361 2269
2048 2269
2167 2269
2237 2269
135 2273
1997 2281
240 2287
749 2287
1334 2287
2257 2287
2139 2293
2229 2297
1607 2309
288 2311
2291 2333
69 2339
230 2339
485 2339
1561 2339
1047 2347
1429 2351
506 2357
596 2357
1514 2357
2104 2357
459 2371
1410 2381
198 2383
1931 2389
656 2393
844 2393
1065 2393
2227 2393
1148 2399
677 2417
971 2423
1118 2437
1080 2441
724 2447
867 2447
1548 2447
1761 2447
721 2459
1279 2473
2061 2477
130 2503
905 2503
1532 2503
2445 2503
1933 2531
2115 2543
1197 2549
2477 2551
1683 2579
308 2591
1090 2591
1756 2591
2034 2591
688 2617
1447 2621
1019 2633
891 2657
17 2659
2238 2671
1268 2677
2504 2687
1012 2689
605 2693
1340 2699
2115 2699
2310 2699
2338 2699
154 2707
1043 2711
2410 2713
28 2719
241 2719
546 2719
1910 2719
2368 2729
2458 2731
1841 2741
1151 2749
734 2767
2069 2777
341 2789
763 2789
1957 2789
2523 2789
35 2791
510 2791
712 2791
1540 2791
1229 2797
2402 2801
2343 2803
2365 2819
1637 2833
2232 2837
1190 2843
1780 2843
2731 2843
2834 2843
1835 2851
1790 2857
2260 2887
2449 2903
789 2909
2539 2927
2530 2939
639 2957
95 2963
1847 2999
1253 3001
1603 3011
1372 3019
2656 3037
1978 3041
2095 3041
2197 3041
2859 3041
2042 3049
471 3067
1854 3083
2793 3089
1658 3109
2070 3119
1579 3121
1177 3137
388 3163
311 3181
503 3191
692 3209
3096 3217
1098 3229
2317 3251
303 3253
734 3257
2897 3257
3071 3257
3075 3257
1685 3271
237 3299
2417 3301
1697 3307
15 3319
2437 3323
2464 3343
385 3359
1143 3361
1418 3371
1811 3373
190 3389
2423 3391
2960 3407
1438 3413
1959 3433
1565 3449
3453 3461
1105 3463
1490 3467
479 3469
2780 3499
723 3511
1069 3511
2541 3511
2695 3511
600 3517
32 3527
108 3527
1055 3527
2338 3527
922 3529
1261 3529
1504 3529
3377 3529
607 3533
1209 3539
720 3541
746 3547
1186 3547
1757 3547
3411 3547
2230 3557
273 3559
233 3571
329 3583
1853 3583
2344 3583
2646 3583
735 3593
2336 3607
2878 3613
3018 3623
1023 3631
1484 3643
3274 3659
2135 3677
842 3697
2796 3701
1551 3709
3071 3709
3090 3709
3421 3709
23 3719
1540 3733
1003 3739
1819 3767
3488 3769
96 3779
115 3779
952 3779
2622 3779
1097 3793
1582 3803
283 3821
1160 3823
2557 3847
554 3863
3588 3877
1151 3881
876 3907
2010 3907
2458 3907
2476 3907
1297 3911
2515 3917
361 3919
2934 3929
3660 3931
1437 3947
2459 3967
3138 3989
3137 4001
3026 4003
480 4007
2876 4019
848 4021
1322 4027
753 4051
1579 4051
2727 4051
3049 4051
2199 4057
3061 4073
648 4079
4060 4091
2320 4093
1109 4099
2408 4111
1765 4127
3360 4129
2685 4133
2864 4153
153 4157
2156 4157
2332 4157
3679 4157
1481 4201
1170 4217
1950 4219
2884 4241
3640 4243
109 4253
2158 4259
2627 4261
760 4271
593 4273
2232 4289
2880 4297
2608 4327
1357 4337
3739 4337
3802 4337
4119 4337
3595 4349
282 4357
708 4357
1673 4357
1700 4357
3782 4363
1465 4397
3756 4421
3047 4423
1363 4441
1971 4451
3292 4457
1705 4493
4436 4507
673 4513
323 4519
2352 4519
3148 4519
3221 4519
601 4523
4022 4547
1054 4549
1985 4561
395 4567
318 4583
1645 4597
2729 4603
4391 4621
3227 4637
522 4639
3126 4649
2136 4651
851 4657
1079 4673
4132 4691
3037 4703
2787 4721
931 4723
2617 4729
2595 4751
3605 4751
3655 4751
4404 4751
3994 4759
2083 4783
1258 4787
1591 4787
2570 4787
4161 4787
659 4789
699 4789
3463 4789
4763 4789
3185 4793
2975 4799
1751 4801
3732 4813
1972 4817
4101 4831
2985 4871
4449 4889
3500 4903
4268 4909
4155 4919
1096 4937
1567 4943
4224 4957
818 4973
905 4993
2411 4999
4042 5009
4078 5011
518 5021
1860 5021
3227 5021
4443 5021
3588 5051
42 5077
2062 5077
3986 5077
4070 5077
2294 5081
3245 5087
300 5099
473 5101
4214 5107
724 5113
2454 5113
3117 5113
3937 5113
1210 5119
561 5153
273 5167
807 5167
4487 5167
4773 5167
1916 5171
1633 5179
2636 5189
583 5197
522 5209
158 5227
1052 5231
254 5233
2514 5261
1762 5279
5037 5281
3395 5297
3050 5303
3783 5323
461 5333
4134 5351
2896 5381
3841 5381
4445 5381
4967 5381
985 5387
3466 5393
4690 5407
3203 5413
1062 5431
1376 5441
4741 5443
3584 5449
4538 5477
1804 5479
5426 5483
186 5501
1829 5503
1289 5519
3778 5521
3162 5527
3425 5527
4663 5527
5337 5527
98 5531
2635 5557
1699 5569
2974 5573
1251 5591
1700 5623
4775 5639
5381 5641
2187 5647
4174 5657
4349 5659
434 5669
2217 5669
3619 5669
5074 5669
2637 5683
5094 5693
4844 5701
5116 5711
1452 5717
95 5737
14 5741
1062 5741
1743 5741
2928 5741
1654 5749
1967 5779
2131 5779
2461 5779
5005 5779
1935 5783
4011 5791
3513 5801
1700 5807
5251 5821
5043 5827
5035 5839
3454 5843
5817 5857
4586 5861
1510 5879
4568 5881
329 5897
2692 5903
4725 5903
5009 5903
5289 5903
69 5927
254 5953
4235 5981
892 5987
1872 6007
3715 6011
3954 6011
4736 6011
5634 6011
4970 6037
1972 6043
439 6047
1798 6047
4446 6047
5417 6047
3680 6053
5905 6073
2237 6079
312 6089
3430 6091
1348 6101
2570 6101
3600 6101
4690 6101
1341 6113
3814 6131
3279 6133
5434 6143
2026 6151
622 6163
4836 6197
5214 6199
2631 6203
5012 6217
5199 6221
740 6229
2651 6229
2896 6229
6177 6229
3816 6257
1034 6269
2588 6271
4883 6277
1202 6287
1551 6301
1884 6301
4301 6301
4872 6301
1079 6311
2391 6323
3326 6329
3067 6343
1074 6359
1966 6361
396 6367
1141 6379
5045 6397
1560 6421
4337 6449
3219 6451
1110 6469
3094 6473
3261 6491
1287 6521
2373 6529
126 6547
907 6553
1454 6553
4687 6553
6064 6553
3667 6563
5784 6577
1608 6581
2584 6599
1915 6619
5918 6637
2737 6653
1205 6673
5098 6689
3790 6691
4779 6701
2884 6703
2173 6709
1493 6719
110 6733
2423 6733
4691 6733
6248 6733
5920 6737
3048 6761
293 6763
5574 6779
4870 6781
3641 6791
223 6793
1629 6827
559 6829
2368 6833
6039 6863
2815 6869
4711 6871
3102 6883
4998 6899
2351 6907
5779 6917
5116 6959
5378 6961
5932 6971
881 6977
4144 6991
932 6997
6794 7013
312 7019
2189 7019
5416 7019
6127 7019
6144 7027
3312 7039
4524 7039
6548 7039
6739 7039
4270 7043
5486 7069
5816 7079
5344 7103
5159 7121
565 7129
2830 7129
4453 7129
6416 7129
4935 7151
5253 7159
5715 7177
1393 7187
479 7193
431 7207
2747 7211
903 7213
3257 7229
3780 7237
5845 7237
5877 7237
6215 7237
1154 7243
606 7247
30 7283
2265 7297
4786 7321
2502 7331
5695 7333
4796 7349
5995 7351
5988 7369
3781 7393
2182 7411
2054 7417
3316 7417
4629 7417
4841 7417
264 7451
897 7451
1102 7451
5194 7451
5471 7457
628 7459
582 7477
760 7481
5875 7499
123 7507
2075 7507
2429 7507
2886 7507
2578 7517
2917 7523
3309 7523
4390 7523
4436 7523
6080 7529
3717 7537
5088 7547
6767 7549
1358 7559
2719 7559
5025 7559
6022 7559
3024 7573
3654 7583
304 7589
675 7591
1174 7603
4548 7607
4897 7621
4976 7639
5491 7643
4751 7673
556 7681
3244 7687
3306 7687
3617 7687
5213 7687
2032 7691
6304 7699
2607 7717
4036 7727
1454 7753
367 7757
4347 7757
4488 7757
6318 7757
2167 7789
5929 7817
129 7823
5671 7841
993 7853
6457 7873
4424 7877
6408 7879
1200 7883
2304 7883
5709 7883
6559 7883
4006 7907
2248 7919
2254 7919
4400 7919
6942 7919
1159 7927
4008 7933
93 7937
661 7937
3528 7937
3661 7937
7556 7949
5015 7951
2679 7963
1237 8017
2515 8039
6412 8053
599 8059
4224 8069
5823 8087
1161 8089
37 8093
108 8111
4447 8117
5392 8117
6964 8117
7554 8117
681 8123
7724 8147
7126 8161
6757 8167
1313 8171
4035 8171
5259 8171
5741 8171
5816 8179
2232 8219
7990 8221
4316 8231
2942 8233
4549 8237
183 8243
2342 8243
2703 8243
3021 8243
679 8263
1863 8263
6604 8263
7386 8263
2907 8269
7931 8273
1972 8287
5374 8291
3991 8293
7174 8311
4469 8317
6455 8317
6574 8317
7459 8317
1228 8329
2629 8363
7237 8377
5780 8419
2357 8429
7710 8431
8343 8447
6618 8467
2467 8501
4229 8521
6220 8527
355 8537
1073 8539
2953 8543
7502 8563
5047 8573
2139 8581
1862 8597
4528 8599
5151 8609
6269 8627
549 8629
2596 8647
4716 8663
8504 8669
6214 8681
8533 8689
6635 8699
7083 8707
283 8719
4433 8737
4899 8741
2146 8747
3570 8747
4650 8747
7134 8747
3817 8753
4481 8761
1867 8779
40 8783
2368 8783
2863 8783
3518 8783
1154 8803
2982 8803
5994 8803
7482 8803
8120 8807
1658 8831
7251 8849
4894 8861
2313 8863
303 8867
5864 8887
2187 8923
3900 8933
2841 8941
6148 8951
6012 8963
6412 8963
7009 8963
7462 8963
8403 8969
4094 8971
5909 9007
5762 9011
4868 9013
6186 9029
3246 9041
7425 9043
2388 9049
6555 9059
358 9067
5425 9091
6568 9091
6814 9091
8472 9091
6653 9103
978 9133
4077 9137
6427 9151
3139 9157
6706 9173
1058 9187
4573 9203
3724 9209
6163 9221
8918 9227
2501 9239
654 9241
8149 9257
8887 9277
4384 9281
830 9283
2432 9293
7889 9311
9132 9319
2522 9337
1865 9341
4143 9341
5336 9341
7344 9341
2588 9349
7248 9371
4937 9391
7409 9403
418 9413
1424 9413
8035 9413
8955 9413
4979 9419
7370 9421
1837 9431
2132 9431
6593 9431
8306 9431
4568 9433
5945 9433
8742 9433
9050 9433
7482 9437
8731 9439
8875 9461
1451 9463
6356 9473
649 9479
6716 9491
8841 9497
4298 9511
142 9533
8885 9547
4841 9551
1754 9587
2075 9601
3009 9619
1754 9623
191 9629
215 9629
2879 9629
6350 9629
3674 9643
4763 9649
7203 9649
7541 9649
9446 9649
4230 9661
3700 9677
7962 9679
2527 9689
823 9697
2275 9719
3757 9719
4414 9719
8998 9719
6436 9733
6045 9743
3844 9749
2734 9767
2685 9769
1641 9781
5497 9787
5744 9803
7214 9817
6973 9833
3620 9839
3911 9851
6594 9857
319 9859
7423 9871
228 9887
8758 9907
3777 9923
9186 9929
8250 9931
1475 9941
3301 9949
6998 9967
442 10009
5317 10009
5373 10009
8892 10009
9533 10037
5297 10039
2089 10061
4554 10061
5353 10061
8132 10061
935 10067
5930 10069
5511 10079
7363 10079
8616 10079
8753 10079
3443 10091
2778 10093
8087 10103
4924 10111
1360 10133
2868 10133
7000 10133
9044 10133
8003 10139
8764 10141
7909 10159
924 10163
5410 10177
2664 10181
6119 10193
3239 10211
1460 10243
1941 10243
8063 10243
9028 10243
3830 10247
7137 10253
3921 10267
6104 10271
8740 10273
3302 10289
4728 10301
4509 10303
2856 10313
3045 10313
7005 10313
7726 10313
9501 10321
2058 10337
2527 10343
1549 10357
6777 10391
4297 10399
6347 10427
1991 10429
1962 10433
3066 10453
102 10463
7384 10487
6885 10499
8725 10501
4623 10529
7941 10529
8545 10529
10484 10529
5413 10559
2921 10589
6035 10597
2515 10607
7726 10613
7927 10627
6911 10631
1898 10651
876 10663
9019 10667
5593 10687
5291 10723
4043 10733
4959 10739
8956 10753
4386 10771
670 10789
8547 10831
2955 10847
5473 10853
5601 10853
10701 10853
10790 10853
6941 10859
1350 10861
3529 10867
4321 10883
6008 10903
4022 10937
7284 10939
2663 10949
4181 10957
8297 10973
6592 10987
610 10993
9163 11003
1179 11027
5197 11047
43 11057
2692 11059
5902 11083
1529 11087
1803 11087
3527 11087
4234 11087
10542 11093
7119 11113
3976 11117
948 11119
7277 11131
9819 11149
1709 11161
1713 11161
1872 11161
5873 11161
6717 11171
11000 11173
3229 11239
5713 11243
9759 11257
3581 11261
4271 11273
7722 11279
3342 11287
3511 11287
4598 11287
11129 11287
10742 11299
10907 11311
9194 11317
2865 11321
9962 11321
10380 11321
10762 11321
3116 11329
2730 11351
7095 11353
791 11369
6223 11383
10671 11399
960 11423
8462 11437
176 11443
4525 11471
6624 11489
5083 11491
8789 11497
3095 11527
5521 11549
7496 11551
9640 11579
2529 11587
7437 11597
2148 11617
9621 11621
4462 11633
5825 11657
7062 11677
6957 11689
1216 11699
5704 11699
6225 11699
10259 11699
3432 11701
3824 11701
5754 11701
10398 11701
6291 11731
5721 11743
9392 11777
1643 11779
9195 11783
6034 11801
10357 11813
11356 11821
6910 11831
5012 11833
7805 11839
2818 11863
3826 11863
6391 11863
10697 11863
3436 11867
7432 11887
935 11897
1699 11897
9440 11897
11726 11897
5637 11903
10229 11909
5110 11923
5544 11927
10069 11939
7887 11941
8547 11959
1364 11969
3810 11969
8128 11969
10642 11969
1336 11981
3395 11987
4876 11987
7670 11987
8039 11987
3755 12011
8921 12037
9950 12049
206 12071
900 12073
6834 12101
2581 12107
1945 12109
6115 12113
9008 12113
10210 12113
11012 12113
3895 12119
7090 12143
6286 12157
599 12161
11560 12163
2999 12197
1296 12211
4273 12227
2335 12251
9955 12253
9473 12263
6218 12269
1683 12277
11368 12277
11580 12277
12206 12277
1473 12281
9586 12289
10694 12301
8726 12323
7730 12343
2127 12373
6284 12377
11080 12379
4047 12391
2551 12409
6754 12413
5876 12433
9014 12451
5029 12473
5875 12473
6536 12473
7512 12473
5858 12479
11829 12487
6855 12497
265 12503
8513 12517
1828 12539
183 12541
2887 12547
4323 12547
6532 12547
11358 12547
9589 12553
3530 12569
12459 12577
2487 12589
2404 12601
4437 12601
7516 12601
10851 12601
11196 12611
11886 12613
11746 12641
5938 12647
492 12653
6094 12653
7903 12653
10823 12653
8519 12659
754 12689
4642 12689
7966 12689
12022 12689
1756 12697
5024 12703
1242 12713
9187 12721
8100 12739
1391 12757
4096 12763
5788 12763
7386 12763
8262 12763
3486 12781
5026 12781
5255 12781
11801 12781
9229 12791
4780 12809
3119 12821
8698 12823
7985 12829
1005 12841
8565 12893
9840 12899
12131 12911
717 12917
560 12919
1419 12941
2812 12941
2903 12941
5813 12941
4260 12953
8620 12967
12649 12973
3678 12979
4175 12979
5244 12979
12867 12979
8676 12983
10586 13001
850 13003
6868 13007
8529 13009
2842 13033
6470 13033
7114 13033
9646 13033
9708 13037
466 13043
2066 13063
6831 13093
6748 13099
2521 13103
4751 13103
8824 13103
10116 13103
10222 13109
7891 13127
6891 13147
11086 13151
13072 13163
5148 13171
10941 13183
10956 13187
6431 13217
3771 13219
7333 13241
548 13249
1300 13249
11430 13249
13226 13249
7727 13259
7943 13291
12249 13297
4899 13309
12068 13313
6870 13327
12369 13331
9210 13367
6938 13381
1756 13397
9524 13399
3309 13411
4610 13411
8602 13411
10307 13411
12135 13417
10555 13421
11093 13441
9931 13451
10982 13457
12313 13469
2267 13477
5958 13487
13070 13513
5564 13523
2964 13537
5593 13537
5996 13537
12527 13537
7088 13553
9777 13553
10378 13553
13422 13553
2174 13567
455 13577
1379 13591
1649 13591
5030 13591
5539 13591
8111 13597
4799 13613
3884 13619
2825 13627
3623 13627
8209 13627
12603 13627
543 13633
3762 13649
10814 13669
3263 13687
1550 13691
3024 13693
11427 13709
12886 13711
7946 13721
7044 13723
11348 13729
1599 13757
13064 13759
4873 13763
8986 13781
8640 13799
13200 13829
3709 13831
396 13859
2605 13859
3690 13859
7174 13859
2131 13873
7438 13883
13074 13901
2648 13903
5971 13907
2850 13921
4197 13933
4559 13933
9014 13933
10102 13933
12208 13963
6228 13997
11507 13999
5540 14009
8508 14011
3583 14029
1271 14033
334 14051
8904 14071
96 14081
1515 14083
8619 14087
5526 14107
4434 14143
12157 14153
5555 14159
6280 14173
14113 14177
5609 14197
11481 14207
246 14243
5622 14249
13371 14251
7195 14281
8721 14303
10692 14321
6705 14323
4066 14341
12065 14369
12693 14387
4011 14389
4021 14407
562 14411
11119 14423
7311 14431
1144 14437
4371 14437
11242 14437
12123 14437
14155 14447
4395 14449
7898 14461
2549 14479
3543 14489
12113 14489
13416 14489
14401 14489
14300 14503
1023 14519
8061 14533
633 14537
6077 14549
9983 14551
5969 14557
12945 14591
13967 14593
12602 14621
5365 14627
11914 14629
8113 14639
4706 14657
5540 14683
10926 14699
5367 14713
476 14717
6462 14731
7913 14737
3728 14741
7275 14741
8890 14741
9595 14741
14288 14747
12881 14753
2029 14767
9406 14771
431 14779
2844 14779
11720 14779
14569 14779
11222 14783
13481 14821
4792 14827
6376 14843
716 14851
8187 14851
8548 14851
12257 14851
14528 14879
6583 14891
1058 14897
11643 14929
7032 14947
9312 14951
6777 14969
2630 14983
1463 15013
4341 15013
9596 15013
14632 15013
9268 15017
15000 15053
1531 15061
9552 15073
11289 15077
2441 15083
5974 15083
9093 15083
12664 15083
7940 15091
12882 15107
271 15131
5522 15149
5244 15161
14676 15187
9379 15199
10718 15217
4679 15233
5958 15241
9615 15259
3686 15269
13499 15271
12196 15277
11130 15287
1262 15289
13250 15307
13801 15313
8134 15329
654 15331
9375 15349
4981 15359
11819 15361
8779 15377
2163 15383
1706 15391
7232 15391
10364 15391
11486 15391
6344 15401
5164 15413
9289 15439
198 15451
9240 15467
6938 15473
4525 15493
1744 15497
3387 15497
12685 15497
13184 15497
8072 15511
2339 15527
8917 15541
10591 15559
15166 15581
5868 15583
8459 15601
2669 15607
6484 15607
10830 15607
11237 15607
7750 15619
6263 15629
3675 15641
5426 15641
7630 15641
14557 15641
5447 15647
13302 15649
14831 15667
3041 15671
13740 15683
8062 15727
577 15733
7507 15733
9556 15733
13832 15733
13175 15737
363 15739
8950 15761
797 15767
4997 15767
11208 15767
14538 15767
1789 15773
11885 15791
12342 15797
11155 15809
7870 15817
8332 15823
9910 15823
13663 15823
15570 15823
3775 15881
15481 15887
6051 15889
13493 15901
6523 15907
9170 15919
1210 15923
5786 15937
2780 15959
7784 15971
15673 15973
15678 15991
10238 16007
1316 16033
14972 16061
7581 16063
4634 16067
362 16069
6513 16087
6507 16097
6663 16103
6795 16139
1246 16141
10198 16187
4207 16189
3237 16193
4400 16217
5445 16217
10548 16217
12047 16217
5206 16223
12040 16229
6154 16231
8825 16249
11435 16267
9275 16273
12127 16273
13149 16273
14274 16273
1601 16301
7186 16319
10019 16333
2947 16339
12700 16349
838 16369
1001 16411
9868 16417
9974 16417
13506 16417
15909 16417
4402 16421
4707 16427
10752 16447
4232 16453
7993 16453
9991 16453
10696 16453
11048 16477
8599 16481
1356 16487
3039 16487
14034 16487
14551 16487
2190 16493
2517 16519
9007 16529
1382 16547
5275 16553
3280 16561
4210 16561
11406 16561
14232 16561
8961 16567
8809 16573
6380 16603
3510 16607
13511 16619
2474 16649
6077 16649
10169 16649
14584 16649
1995 16651
4077 16651
11570 16651
15666 16651
14602 16657
15376 16661
12889 16673
12193 16691
13994 16693
11431 16699
257 16729
9517 16747
8773 16763
12801 16787
889 16823
16086 16843
5070 16871
9929 16879
14859 16889
10313 16901
12600 16901
12745 16901
15051 16901
2555 16903
7475 16903
11255 16903
12527 16903
5036 16927
9794 16931
7990 16943
14955 16963
6756 16979
4464 16981
5883 16987
8282 17021
5365 17029
8470 17029
8817 17029
11412 17029
2277 17033
4257 17041
8647 17053
11270 17077
4907 17093
7800 17099
8213 17099
8896 17099
9295 17099
6112 17107
889 17117
7563 17117
10021 17117
15767 17117
14784 17123
4833 17137
6975 17137
10117 17137
12355 17137
11316 17159
11396 17167
16428 17183
1218 17203
14226 17231
11256 17239
7280 17257
15658 17291
2499 17293
1138 17299
6291 17299
12500 17299
14675 17299
1026 17321
6341 17327
1261 17341
14026 17359
13399 17377
1176 17383
6134 17393
15496 17401
6570 17417
11447 17419
13367 17431
14782 17449
4299 17467
1150 17471
9546 17483
5174 17489
6816 17491
4297 17497
6568 17497
7735 17497
16400 17497
6532 17509
3197 17519
10497 17539
13524 17573
6619 17579
12094 17581
7855 17597
9482 17599
2634 17609
4026 17627
5802 17669
5177 17681
5469 17683
1387 17707
1104 17737
2708 17747
6028 17747
13114 17747
13650 17747
44 17761
9418 17789
8749 17791
4147 17807
9152 17827
3095 17851
13503 17863
11745 17881
3401 17903
6655 17921
7298 17923
1130 17939
12038 17957
12687 17959
12168 17971
266 17977
2853 17981
7162 17981
9240 17981
16713 17981
1613 17987
2507 17989
8336 18013
1015 18041
4588 18043
13272 18047
11586 18049
4008 18059
349 18061
2390 18077
17431 18097
1119 18119
14006 18121
1418 18127
2655 18127
14228 18127
17959 18127
14923 18131
13113 18133
11552 18149
15827 18169
540 18191
13333 18211
8114 18223
2904 18229
4089 18253
5803 18253
10625 18253
15995 18253
12002 18257
1001 18287
6702 18287
11197 18287
17680 18287
4057 18289
7463 18289
7609 18289
17455 18289
1641 18301
10186 18311
11356 18313
