2 3
4 5
4 11
8 13
18 19
15 23
3 29
7 31
24 37
37 41
2 43
5 43
13 43
24 43
16 47
27 53
27 59
1 61
3 67
48 71
15 73
29 73
51 79
15 83
47 83
50 83
55 83
26 89
59 97
90 101
98 107
87 109
60 113
10 127
127 131
60 151
83 157
45 163
59 163
94 163
129 163
4 179
158 181
29 191
156 193
39 199
77 223
12 227
26 227
93 227
97 227
165 233
47 239
74 251
35 257
230 263
205 269
112 277
211 281
75 283
107 283
180 283
205 283
232 307
305 311
29 317
230 331
204 337
79 347
199 349
264 353
146 359
252 367
347 379
166 383
5 389
200 389
223 389
351 389
11 397
247 401
291 409
294 419
10 433
28 439
170 439
273 439
408 439
59 443
428 449
220 457
265 461
105 463
114 467
114 479
159 487
207 487
242 487
367 487
287 491
209 499
315 509
259 523
259 523
266 547
21 569
522 571
47 599
36 601
321 601
370 601
476 601
356 607
87 613
606 617
391 619
439 631
430 641
369 643
24 647
63 647
131 647
430 647
133 653
181 659
659 661
161 673
364 677
58 683
534 691
412 701
210 719
736 743
193 757
229 757
386 757
707 757
172 761
115 769
393 787
354 797
598 809
21 811
159 811
249 811
383 811
393 821
369 823
325 827
673 827
682 827
802 827
445 829
783 839
762 853
88 857
385 863
840 881
608 887
483 907
95 911
60 929
566 937
741 947
652 953
765 967
761 977
729 983
106 991
501 997
517 1009
504 1033
502 1049
730 1049
957 1049
959 1049
291 1051
560 1061
287 1063
88 1069
37 1087
244 1087
298 1087
509 1087
11 1091
924 1093
553 1097
427 1109
251 1117
490 1117
655 1117
839 1117
98 1123
827 1129
441 1153
831 1163
620 1181
361 1187
102 1193
726 1201
168 1213
961 1223
1162 1229
1015 1237
878 1259
370 1277
1049 1279
82 1283
277 1289
1107 1291
247 1301
767 1303
319 1319
563 1327
12 1361
1025 1367
208 1373
1297 1381
90 1399
294 1423
759 1427
1114 1429
61 1447
234 1459
406 1459
971 1459
1308 1459
1080 1471
1442 1483
1401 1489
716 1493
1473 1499
899 1511
1064 1511
1186 1511
1385 1511
1030 1531
894 1543
1125 1543
1176 1543
1435 1543
431 1549
294 1553
622 1559
292 1567
1543 1571
250 1579
604 1579
805 1579
1500 1579
978 1583
83 1597
877 1597
992 1597
1243 1597
937 1601
111 1609
302 1609
431 1609
766 1609
778 1619
1026 1621
930 1637
1533 1663
1433 1667
1485 1693
544 1697
1185 1699
40 1709
286 1709
612 1709
772 1709
389 1721
521 1723
929 1733
1377 1741
1004 1747
966 1777
965 1783
969 1787
813 1789
1778 1811
1474 1823
1801 1831
823 1861
276 1867
1007 1873
1722 1879
423 1901
937 1901
958 1901
1485 1901
1186 1913
379 1931
1816 1933
1816 1933
693 1949
860 1949
961 1949
1385 1949
1689 1951
1655 1973
53 1979
881 1979
1373 1979
1652 1979
