1 2
1 2
2 3
3 7
7 11
9 11
10 11
5 19
1 31
7 31
15 31
4 37
10 37
18 43
4 47
13 59
37 59
40 59
3 61
20 61
32 61
20 71
22 83
75 97
30 101
79 107
2 109
35 109
63 109
102 127
12 149
54 149
146 149
79 151
130 151
138 151
123 173
119 181
133 193
37 197
55 199
101 211
12 223
18 223
149 223
166 227
33 233
140 239
143 239
148 239
72 241
79 251
123 251
188 251
26 257
177 263
127 269
258 277
216 281
276 313
167 337
197 347
89 349
113 349
123 349
13 353
57 359
112 359
300 359
170 367
204 367
289 367
350 383
26 397
168 397
176 397
342 401
159 419
72 433
150 439
422 443
247 457
167 461
242 467
301 479
271 487
197 491
90 503
346 509
165 521
343 541
434 557
249 563
238 569
120 571
235 571
535 571
428 577
233 587
569 593
243 599
465 601
321 607
63 613
314 613
502 613
601 617
365 619
390 631
338 641
482 653
455 659
145 661
9 677
369 677
593 677
684 691
287 701
373 701
696 701
172 709
163 727
107 733
403 739
48 757
394 757
644 757
82 769
299 773
145 797
690 811
712 821
235 823
203 827
542 827
545 827
757 839
431 853
221 857
118 863
385 883
425 887
341 907
830 911
534 919
835 929
570 937
731 941
262 971
364 977
250 983
517 983
521 983
596 991
347 997
488 997
596 997
15 1009
985 1013
701 1019
662 1031
446 1033
581 1039
1019 1061
335 1063
132 1087
191 1087
558 1087
35 1117
352 1117
658 1117
912 1123
395 1129
1059 1151
609 1153
129 1171
521 1171
592 1171
730 1181
587 1187
417 1193
648 1193
946 1193
417 1201
136 1213
366 1213
633 1213
576 1217
953 1217
1131 1217
532 1223
151 1229
108 1231
926 1231
1195 1231
720 1237
113 1249
937 1259
1039 1259
1248 1259
431 1277
919 1279
88 1283
512 1283
761 1283
59 1289
245 1289
580 1289
876 1297
176 1301
33 1319
847 1321
392 1361
1077 1423
870 1427
38 1429
921 1429
1093 1429
374 1439
419 1439
955 1447
1013 1447
1376 1447
186 1451
983 1451
1096 1451
767 1459
1258 1471
1366 1481
1385 1483
319 1493
863 1493
962 1493
407 1499
857 1499
1076 1499
487 1523
967 1531
1277 1543
785 1549
1459 1553
473 1559
523 1571
529 1579
54 1601
667 1601
1178 1601
335 1609
360 1619
150 1621
1074 1621
1104 1621
883 1627
914 1637
1358 1657
40 1667
375 1669
812 1669
1210 1669
333 1693
1043 1697
1217 1699
60 1721
188 1721
933 1721
1367 1733
232 1741
41 1747
373 1747
1440 1747
688 1753
680 1759
114 1783
735 1783
1489 1783
653 1787
790 1789
768 1801
930 1801
1339 1801
24 1823
636 1871
1061 1877
1753 1877
1759 1877
1151 1889
101 1901
395 1901
1284 1901
498 1907
1647 1907
1786 1907
1526 1913
513 1949
556 1949
756 1949
471 1951
1283 1951
1780 1951
347 1973
296 1979
296 1979
636 1987
1487 1987
1973 1987
534 1997
1472 1997
1861 1997
185 1999
394 2003
893 2011
209 2017
1618 2027
472 2029
460 2039
1052 2039
1162 2039
1654 2053
1685 2063
184 2069
220 2069
499 2069
282 2081
60 2083
269 2083
1882 2083
278 2087
1152 2087
1307 2087
246 2099
2099 2111
1922 2113
546 2129
17 2131
129 2131
2116 2131
1159 2137
1168 2137
1277 2137
1370 2141
51 2143
809 2143
879 2143
446 2161
1106 2207
236 2213
291 2221
885 2237
1329 2237
2118 2237
1172 2239
1323 2239
1561 2239
1500 2243
917 2251
22 2269
983 2293
2112 2297
170 2333
991 2347
885 2351
921 2371
1787 2371
2180 2371
2004 2377
2274 2381
1650 2383
2319 2399
903 2417
1733 2441
48 2447
734 2459
1343 2459
1763 2459
2407 2467
806 2473
2515 2521
482 2531
757 2531
1448 2531
1264 2539
358 2549
1326 2549
1978 2549
2183 2551
1903 2609
1981 2617
729 2621
839 2621
887 2621
931 2633
1654 2633
1856 2633
1781 2647
1858 2657
1842 2659
735 2663
2572 2687
1161 2689
562 2699
753 2707
371 2711
907 2711
2278 2711
706 2713
1566 2713
2304 2713
305 2719
2242 2719
2379 2719
1129 2729
659 2731
1239 2731
2367 2731
2107 2741
2280 2741
2292 2741
783 2749
1043 2753
111 2767
2576 2797
1886 2801
125 2803
1082 2803
1769 2803
1994 2819
572 2833
1133 2833
1657 2833
2473 2837
527 2857
1669 2857
2623 2857
1310 2879
2020 2887
2274 2887
2380 2887
1181 2903
877 2909
2122 2917
2272 2917
2714 2917
1080 2927
1448 2927
2775 2927
329 2953
950 2957
2582 2963
2940 2969
603 2971
1455 2999
1817 3001
876 3011
2516 3019
2892 3023
958 3041
1024 3041
1627 3041
378 3049
368 3067
1516 3067
2906 3067
1758 3079
2555 3079
2805 3079
134 3083
2240 3083
2441 3083
762 3119
766 3119
1004 3119
1479 3163
2738 3167
1489 3169
565 3181
1553 3191
43 3203
1169 3203
2189 3203
309 3217
438 3229
2423 3251
75 3257
158 3257
2004 3257
407 3259
955 3299
331 3301
2692 3319
31 3323
1916 3323
3243 3323
2555 3329
3294 3361
324 3371
1920 3413
3066 3413
3331 3413
656 3433
2290 3433
2845 3433
1136 3457
2574 3463
523 3467
932 3491
2941 3491
3325 3491
780 3499
289 3511
1877 3527
3202 3529
2124 3541
2124 3541
1589 3557
1625 3557
1897 3557
2604 3559
375 3581
3393 3583
8 3593
2116 3613
1587 3617
281 3623
525 3631
2715 3631
3339 3631
848 3643
1484 3643
3358 3643
2355 3691
2179 3697
2745 3697
3161 3697
1502 3709
1617 3719
1494 3739
81 3769
221 3769
2287 3769
1164 3779
2842 3793
871 3823
2758 3823
3298 3823
3636 3833
508 3853
263 3877
262 3881
309 3889
1186 3889
3121 3889
3063 3907
1383 3911
124 3917
1226 3919
3551 3923
3902 3929
2571 3947
1222 3967
1154 3989
3654 4003
1879 4007
2384 4013
2000 4019
2516 4027
807 4051
1504 4057
319 4073
1721 4079
442 4091
2327 4099
2947 4099
3178 4099
2148 4111
1628 4127
349 4133
1503 4139
527 4157
1658 4157
1710 4157
2468 4177
3285 4177
3382 4177
3455 4201
3573 4217
352 4219
928 4229
134 4231
1728 4243
1640 4259
3127 4259
4015 4259
2100 4261
1842 4283
2125 4283
2723 4283
57 4289
788 4289
4246 4289
11 4337
4329 4339
2297 4357
4034 4357
4287 4357
247 4363
2662 4363
3906 4363
163 4391
2799 4391
3639 4409
1094 4441
2329 4441
4069 4441
1299 4447
2869 4447
3890 4447
3808 4451
865 4457
120 4483
1684 4483
2957 4483
4341 4517
2272 4519
107 4549
2503 4549
3927 4549
764 4561
1583 4567
1829 4583
4302 4583
4465 4583
634 4591
2111 4597
30 4603
322 4621
1963 4621
2045 4621
2816 4643
4640 4649
2494 4651
1262 4663
2051 4663
2805 4663
2471 4673
800 4679
1328 4691
2277 4721
3728 4721
4320 4721
4516 4729
143 4733
2033 4733
2259 4733
542 4751
976 4751
2340 4751
1251 4783
2827 4783
4589 4783
4008 4787
1265 4789
4624 4793
566 4799
4122 4813
136 4817
1466 4861
781 4877
4360 4903
1971 4909
1017 4931
3650 4933
362 4937
4803 4951
1841 4957
3549 4957
4212 4957
6 4967
2980 4969
1691 4973
854 4987
2706 4987
4230 4987
928 4993
198 4999
2319 4999
4042 4999
4292 5003
772 5011
2090 5011
2460 5011
2101 5021
3680 5021
3945 5021
1250 5023
720 5039
1391 5051
2361 5051
4138 5051
3340 5077
1763 5081
3456 5101
1103 5107
2032 5107
2289 5107
1272 5113
3509 5119
653 5147
2330 5167
3727 5189
973 5197
1264 5197
2633 5197
4905 5209
1430 5227
2068 5227
4667 5227
1239 5231
4061 5231
4179 5231
4809 5233
5007 5237
4004 5261
3613 5273
1909 5279
3467 5303
2192 5309
1149 5323
1967 5323
5199 5323
1451 5333
1490 5333
4723 5333
2019 5381
1919 5387
1950 5399
1540 5417
210 5437
1906 5437
2979 5437
3810 5441
4522 5449
2707 5477
5222 5477
5419 5477
1125 5507
1754 5507
2970 5507
854 5519
4386 5519
4761 5519
89 5521
1427 5557
1572 5563
3416 5591
2534 5639
5043 5639
5461 5639
2326 5641
3316 5641
3875 5641
3926 5647
5001 5653
4827 5657
3339 5659
3641 5669
1141 5693
4755 5693
5132 5693
14 5711
1639 5711
2985 5711
555 5717
3675 5717
3986 5717
557 5737
1106 5737
2279 5737
5696 5741
1321 5779
1608 5779
3209 5779
3432 5783
4391 5783
5548 5783
3564 5791
1835 5801
3023 5801
4929 5801
2044 5807
1419 5813
2188 5839
3867 5851
5404 5851
5720 5851
2129 5857
748 5861
2737 5867
579 5879
1899 5879
5236 5879
4396 5881
1751 5897
1120 5923
1973 5927
2615 5939
148 5953
1029 5981
645 5987
2568 5987
3146 5987
1154 6037
2648 6047
5388 6053
688 6073
2178 6079
1255 6089
4254 6089
4764 6089
836 6091
3146 6091
5533 6091
2022 6101
1480 6113
1964 6131
2111 6131
2437 6131
1909 6133
2273 6133
4632 6133
1133 6151
788 6163
1219 6163
4539 6163
4316 6173
5126 6197
733 6199
1423 6211
4959 6217
3832 6247
3598 6257
4146 6257
5941 6257
4515 6263
415 6269
893 6269
4567 6269
1196 6271
4350 6271
5818 6271
571 6277
3396 6277
5054 6277
695 6299
4010 6299
5135 6299
62 6301
1752 6301
4091 6301
3457 6311
1327 6317
5025 6323
2112 6329
3894 6329
4672 6329
4766 6337
1045 6343
4295 6353
4457 6359
4828 6361
4023 6367
6365 6373
29 6379
1257 6389
3322 6421
1188 6427
2520 6427
6332 6427
5294 6449
4266 6451
4509 6451
4528 6451
64 6469
3867 6469
5366 6469
1274 6473
633 6481
555 6491
4283 6491
5302 6491
2056 6563
5355 6577
241 6581
3494 6581
5723 6581
5824 6599
5172 6659
3204 6661
1124 6673
1195 6689
5575 6691
1460 6703
4394 6703
6293 6703
856 6709
6214 6719
1637 6733
5700 6737
1418 6761
1875 6779
2276 6793
4105 6803
1357 6823
3088 6823
4508 6823
1345 6827
356 6833
5008 6841
1760 6857
3980 6863
5757 6871
161 6883
1811 6883
5339 6883
2455 6907
140 6911
691 6911
4782 6911
4429 6917
5640 6917
6789 6917
1746 6947
1949 6949
2637 6949
5401 6949
4594 6959
55 6961
3912 6967
5790 6971
6690 6983
592 6991
5934 6997
2158 7013
2387 7013
5534 7013
1641 7027
2161 7027
3662 7027
4699 7039
3239 7043
6857 7057
1194 7079
3705 7079
4390 7079
3958 7103
3069 7109
2518 7127
2312 7129
4064 7129
5652 7129
5944 7151
4879 7159
3328 7177
392 7193
5559 7193
6185 7193
931 7207
6819 7211
2790 7219
2208 7229
5817 7243
6135 7243
6606 7243
2813 7247
560 7283
1891 7283
5285 7283
1987 7297
6958 7297
7015 7297
1683 7321
557 7331
3004 7331
4226 7331
4454 7333
3018 7349
3378 7349
4166 7349
6290 7351
6788 7369
792 7393
3603 7393
4382 7393
4696 7411
940 7433
4998 7433
6603 7433
6355 7457
7021 7459
21 7481
3510 7507
524 7517
1063 7523
2307 7523
4621 7523
5556 7529
1025 7537
3069 7537
4854 7537
3262 7541
3573 7547
6561 7549
7496 7561
5210 7573
3342 7603
939 7607
975 7621
2924 7621
7054 7621
6241 7639
6368 7643
1375 7649
1529 7649
6177 7649
4218 7669
1378 7673
1719 7673
2176 7673
3038 7681
3853 7687
2478 7691
7636 7699
4882 7717
3662 7723
2738 7727
4465 7727
6800 7727
