1 3
2 3
3 5
3 7
1 11
2 11
6 11
16 17
13 19
14 29
3 37
13 41
33 41
36 59
49 59
40 61
67 71
63 79
46 83
30 89
9 97
54 101
34 113
26 127
47 137
78 139
63 149
93 151
99 151
113 151
57 157
52 167
128 167
160 167
110 173
163 181
85 193
148 193
182 193
153 199
34 211
75 223
189 227
191 241
31 257
63 257
252 257
215 263
52 269
229 271
246 271
263 271
240 281
206 283
23 293
265 307
233 313
31 331
194 337
73 359
177 359
239 359
64 373
232 373
316 373
100 383
229 389
82 401
181 409
17 419
9 431
154 433
200 439
111 443
67 457
298 461
216 467
238 467
381 467
433 479
282 487
422 491
38 499
272 509
395 563
40 569
287 571
80 587
152 587
471 587
373 593
405 599
250 607
173 613
309 613
433 613
14 617
435 617
563 617
33 619
131 619
557 619
124 631
303 641
426 641
522 641
8 647
183 647
255 647
613 653
500 659
192 673
345 673
633 673
86 677
258 677
500 677
145 683
21 691
395 701
102 709
179 709
568 709
369 719
310 727
420 727
510 727
552 733
368 743
5 751
751 757
173 761
188 761
413 761
377 769
647 787
21 797
663 823
461 827
513 829
80 839
714 839
802 839
220 859
270 863
756 863
842 863
389 883
290 907
451 911
716 911
775 911
26 919
198 919
575 919
201 929
196 937
747 947
193 967
773 967
810 967
610 971
599 977
318 983
419 983
875 983
180 1009
372 1013
197 1019
518 1021
426 1031
934 1033
297 1049
906 1061
644 1063
6 1087
743 1093
428 1097
4 1109
433 1123
294 1129
627 1151
250 1153
686 1153
1087 1153
60 1181
716 1187
819 1193
676 1201
1011 1213
812 1223
1021 1229
197 1237
696 1237
1034 1237
743 1249
175 1279
460 1279
980 1279
438 1283
404 1291
1025 1301
408 1307
442 1319
1244 1321
126 1327
539 1361
706 1367
1118 1373
604 1409
1199 1409
1362 1409
424 1427
1375 1429
429 1439
1105 1447
762 1471
466 1483
775 1483
826 1483
240 1489
272 1511
158 1523
111 1549
858 1549
1063 1549
908 1553
489 1567
165 1571
16 1579
616 1579
1517 1579
1179 1583
474 1597
1055 1597
1299 1597
681 1607
338 1613
918 1619
495 1621
1508 1627
642 1667
47 1693
653 1693
827 1693
1666 1697
1507 1699
153 1723
329 1723
1411 1723
414 1733
857 1733
1258 1733
535 1741
1268 1747
729 1753
676 1759
856 1759
1727 1759
1491 1777
1738 1787
840 1811
985 1811
1085 1811
1008 1823
1645 1847
232 1871
700 1871
1737 1871
873 1873
548 1877
1764 1879
183 1889
1057 1901
320 1913
108 1949
1161 1949
1671 1949
517 1951
579 1951
1879 1951
1453 1973
1453 1973
714 1987
719 1987
1206 1987
1081 1993
1765 1993
1990 1993
1079 1997
592 1999
285 2003
240 2011
880 2017
1035 2017
1855 2017
286 2027
409 2029
1737 2063
1662 2081
177 2083
292 2089
920 2089
1083 2089
787 2099
1521 2111
220 2113
190 2129
97 2137
1305 2141
1547 2141
1957 2141
7 2143
46 2143
1950 2143
1560 2179
850 2207
1634 2213
1982 2213
2044 2213
1343 2221
2047 2221
2072 2221
879 2243
61 2273
2193 2281
1277 2287
1538 2287
1872 2287
1442 2293
54 2297
1225 2309
229 2311
991 2311
1925 2311
1531 2339
2001 2347
1796 2351
2015 2351
2279 2351
1343 2357
1490 2357
2152 2357
875 2371
152 2377
386 2381
1701 2381
2051 2381
1203 2383
1283 2383
1968 2383
95 2389
276 2393
897 2399
1384 2399
1495 2399
1686 2417
140 2437
1133 2437
2403 2437
297 2441
1586 2441
1719 2441
1534 2459
485 2467
1833 2467
1929 2467
1249 2473
249 2503
653 2503
945 2503
597 2521
2089 2539
1663 2549
565 2551
779 2551
1793 2551
1370 2557
2121 2593
122 2609
1044 2609
1914 2609
1939 2617
1912 2621
1816 2647
1021 2659
1528 2659
1549 2659
1086 2663
1483 2671
1042 2683
210 2689
694 2699
923 2699
1348 2699
1399 2707
984 2711
1286 2711
2397 2711
842 2713
193 2741
10 2749
868 2749
1511 2749
2097 2767
2434 2777
774 2789
759 2797
1877 2797
2500 2797
2705 2801
956 2803
1014 2819
730 2833
2042 2833
2105 2833
417 2843
238 2857
11 2861
97 2879
406 2887
154 2897
2760 2903
244 2909
1622 2909
2808 2909
1640 2939
759 2953
1698 2953
1852 2953
977 2957
676 2971
457 2999
2455 3011
1565 3023
876 3037
1399 3049
106 3067
1974 3067
2697 3067
2171 3083
562 3089
963 3089
1919 3089
1970 3119
2319 3137
2966 3137
3098 3137
1304 3163
2944 3169
964 3181
2783 3181
3137 3181
1372 3191
1538 3203
869 3209
1479 3209
3071 3209
461 3221
117 3251
2242 3253
1599 3257
2866 3257
3064 3257
1599 3271
2401 3299
2458 3307
1319 3313
2265 3319
2417 3323
1132 3329
2783 3331
1599 3343
1330 3347
1077 3361
343 3433
865 3457
673 3461
3181 3469
158 3499
753 3499
2187 3499
91 3511
2933 3517
538 3529
2357 3533
882 3541
2043 3541
2358 3541
2311 3557
342 3559
1928 3559
2048 3559
3078 3571
661 3593
2286 3593
3356 3593
1602 3607
136 3623
1873 3631
3083 3637
43 3671
843 3671
1943 3671
3127 3673
1553 3691
