1 2
2 3
4 5
6 17
9 17
3 23
10 23
11 23
18 23
10 37
16 37
19 37
25 37
3 41
19 41
20 41
36 41
13 53
14 53
37 53
38 53
15 59
21 59
36 59
42 59
1 67
64 67
65 67
12 73
16 73
55 73
59 73
7 79
19 79
58 79
70 79
24 97
34 97
61 97
71 97
21 107
38 107
67 107
84 107
21 139
37 139
100 139
116 139
7 193
47 193
144 193
184 193
59 199
72 199
125 199
138 199
30 211
67 211
142 211
179 211
51 223
59 223
162 223
170 223
40 239
69 239
168 239
197 239
10 257
116 257
139 257
245 257
141 307
146 307
159 307
164 307
75 347
136 347
209 347
270 347
109 359
123 359
234 359
248 359
91 397
163 397
232 397
304 397
2 401
132 401
267 401
397 401
9 439
87 439
350 439
428 439
104 449
200 449
247 449
343 449
16 463
217 463
244 463
445 463
53 503
148 503
353 503
448 503
53 571
147 571
422 571
516 571
48 751
91 751
658 751
701 751
239 797
351 797
444 797
556 797
31 821
153 821
666 821
788 821
166 829
277 829
550 829
661 829
350 853
417 853
434 853
501 853
35 877
340 877
535 877
840 877
129 887
231 887
654 887
756 887
47 929
270 929
657 929
880 929
100 941
176 941
763 941
839 941
14 953
253 953
698 953
937 953
212 967
453 967
512 967
753 967
232 991
318 991
671 991
757 991
300 1019
368 1019
649 1019
717 1019
37 1061
334 1061
725 1061
1022 1061
84 1069
414 1069
653 1069
983 1069
175 1087
209 1087
876 1087
910 1087
11 1123
186 1123
935 1123
1110 1123
505 1187
562 1187
623 1187
680 1187
97 1229
300 1229
927 1229
1130 1229
291 1231
429 1231
800 1231
938 1231
246 1249
535 1249
712 1249
1001 1249
227 1259
253 1259
1004 1259
1030 1259
181 1277
420 1277
855 1277
1094 1277
209 1289
355 1289
932 1289
1078 1289
318 1381
683 1381
696 1381
1061 1381
384 1429
604 1429
823 1429
1043 1429
600 1459
720 1459
737 1459
857 1459
5 1601
533 1601
1066 1601
1594 1601
286 1613
724 1613
887 1613
1325 1613
506 1619
759 1619
858 1619
1111 1619
257 1733
711 1733
1020 1733
1474 1733
230 1747
241 1747
1504 1747
1515 1747
704 1783
869 1783
912 1783
1077 1783
4 1847
368 1847
1477 1847
1841 1847
761 1907
950 1907
955 1907
1144 1907
511 1973
762 1973
1209 1973
1460 1973
586 1987
632 1987
1353 1987
1399 1987
52 1999
527 1999
1470 1999
1945 1999
872 2003
981 2003
1020 2003
1129 2003
170 2011
587 2011
1422 2011
1839 2011
34 2017
921 2017
1094 2017
1981 2017
38 2039
731 2039
1306 2039
1999 2039
114 2063
878 2063
1183 2063
1947 2063
301 2069
643 2069
1424 2069
1766 2069
83 2089
944 2089
1143 2089
2004 2089
6 2099
599 2099
1498 2099
2091 2099
622 2113
813 2113
1298 2113
1489 2113
644 2131
934 2131
1195 2131
1485 2131
180 2137
731 2137
1404 2137
1955 2137
596 2143
620 2143
1521 2143
1545 2143
344 2161
1020 2161
1139 2161
1815 2161
176 2207
797 2207
1408 2207
2029 2207
339 2239
539 2239
1698 2239
1898 2239
159 2297
200 2297
2095 2297
2136 2297
840 2309
1078 2309
1229 2309
1467 2309
663 2347
713 2347
1632 2347
1682 2347
567 2377
995 2377
1380 2377
1808 2377
751 2389
933 2389
1454 2389
1636 2389
35 2393
132 2393
2259 2393
2356 2393
311 2399
568 2399
1829 2399
2086 2399
245 2437
316 2437
2119 2437
2190 2437
220 2503
486 2503
2015 2503
2281 2503
463 2539
1170 2539
1367 2539
2074 2539
890 2621
1108 2621
1511 2621
1729 2621
742 2699
780 2699
1917 2699
1955 2699
13 2711
1161 2711
1548 2711
2696 2711
138 2731
667 2731
2062 2731
2591 2731
215 2753
1350 2753
1401 2753
2536 2753
187 2767
1147 2767
1618 2767
2578 2767
921 2791
1004 2791
1785 2791
1868 2791
264 2803
750 2803
2051 2803
2537 2803
164 2837
532 2837
2303 2837
2671 2837
356 2851
566 2851
2283 2851
2493 2851
936 2917
1375 2917
1540 2917
1979 2917
1108 2953
1136 2953
1815 2953
1843 2953
319 2963
499 2963
2462 2963
2642 2963
764 2969
880 2969
2087 2969
2203 2969
135 3011
1106 3011
1903 3011
2874 3011
1189 3019
1440 3019
1577 3019
1828 3019
232 3037
755 3037
2280 3037
2803 3037
567 3089
793 3089
2294 3089
2520 3089
751 3137
1142 3137
1993 3137
2384 3137
179 3181
1024 3181
2155 3181
3000 3181
573 3187
743 3187
2442 3187
2612 3187
592 3259
1307 3259
1950 3259
2665 3259
578 3307
593 3307
2712 3307
2727 3307
407 3373
1206 3373
2165 3373
2964 3373
418 3407
804 3407
2601 3407
2987 3407
954 3559
1199 3559
2358 3559
2603 3559
731 3581
1359 3581
2220 3581
2848 3581
676 3583
1121 3583
2460 3583
2905 3583
1478 3617
1684 3617
1931 3617
2137 3617
297 3631
1583 3631
2046 3631
3332 3631
285 3659
1611 3659
2046 3659
3372 3659
507 3671
765 3671
2904 3671
3162 3671
909 3733
1123 3733
2608 3733
2822 3733
447 3767
1193 3767
2572 3767
3318 3767
1042 3853
1074 3853
2777 3853
2809 3853
1147 3881
1642 3881
2237 3881
2732 3881
754 3911
1667 3911
2242 3911
3155 3911
1561 3989
1756 3989
2231 3989
2426 3989
594 4007
1622 4007
2383 4007
3411 4007
258 4013
1316 4013
2695 4013
3753 4013
518 4021
1595 4021
2424 4021
3501 4021
125 4049
1670 4049
2377 4049
3922 4049
268 4111
1405 4111
2704 4111
3841 4111
462 4133
972 4133
3159 4133
3669 4133
105 4139
1639 4139
2498 4139
4032 4139
243 4153
1667 4153
2484 4153
3908 4153
15 4157
1558 4157
2597 4157
4140 4157
1560 4159
1888 4159
2269 4159
2597 4159
1357 4259
2094 4259
2163 4259
2900 4259
887 4271
1490 4271
2779 4271
3382 4271
1167 4327
2081 4327
2244 4327
3158 4327
1328 4349
1753 4349
2594 4349
3019 4349
1247 4357
1584 4357
2771 4357
3108 4357
315 4409
585 4409
3822 4409
4092 4409
1482 4597
1552 4597
3043 4597
3113 4597
1003 4637
1246 4637
3389 4637
3632 4637
272 4651
1856 4651
2793 4651
4377 4651
1674 4691
1881 4691
2808 4691
3015 4691
916 4703
1912 4703
2789 4703
3785 4703
935 4721
1381 4721
3338 4721
3784 4721
1071 4751
2277 4751
2472 4751
3678 4751
31 4787
1495 4787
3290 4787
4754 4787
1440 4793
1855 4793
2936 4793
3351 4793
1661 4861
2099 4861
2760 4861
3198 4861
1434 4933
1680 4933
3251 4933
3497 4933
602 4967
798 4967
4167 4967
4363 4967
1606 5023
2237 5023
2784 5023
3415 5023
1358 5051
1534 5051
3515 5051
3691 5051
1806 5077
2508 5077
2567 5077
3269 5077
92 5167
1388 5167
3777 5167
5073 5167
997 5233
1205 5233
4026 5233
4234 5233
675 5309
1554 5309
3753 5309
4632 5309
81 5323
778 5323
4543 5323
5240 5323
1454 5351
2452 5351
2897 5351
3895 5351
1240 5413
1735 5413
3676 5413
4171 5413
437 5501
1481 5501
4018 5501
5062 5501
649 5521
1375 5521
4144 5521
4870 5521
565 5527
1952 5527
3573 5527
4960 5527
1263 5623
1556 5623
4065 5623
4358 5623
655 5693
2724 5693
2967 5693
5036 5693
835 5741
2430 5741
3309 5741
4904 5741
666 5807
1836 5807
3969 5807
5139 5807
12 5851
899 5851
4950 5851
5837 5851
1575 5927
1917 5927
4008 5927
4350 5927
1878 6043
2440 6043
3601 6043
4163 6043
413 6089
1911 6089
4176 6089
5674 6089
1614 6197
3015 6197
3180 6197
4581 6197
1982 6211
2417 6211
3792 6211
4227 6211
2225 6247
2463 6247
3782 6247
4020 6247
944 6257
2376 6257
3879 6257
5311 6257
404 6263
865 6263
5396 6263
5857 6263
776 6299
834 6299
5463 6299
5521 6299
275 6311
1874 6311
4435 6311
6034 6311
1141 6329
2504 6329
3823 6329
5186 6329
135 6359
3085 6359
3272 6359
6222 6359
2442 6389
2541 6389
3846 6389
3945 6389
622 6427
1206 6427
5219 6427
5803 6427
1055 6473
2267 6473
4204 6473
5416 6473
1843 6521
2043 6521
4476 6521
4676 6521
313 6529
1205 6529
5322 6529
6214 6529
2464 6547
2485 6547
4060 6547
4081 6547
702 6637
1198 6637
5437 6637
5933 6637
1759 6691
3124 6691
3565 6691
4930 6691
1770 6701
2326 6701
4373 6701
4929 6701
1651 6719
2057 6719
4660 6719
5066 6719
178 6779
1476 6779
5301 6779
6599 6779
26 6791
1005 6791
5784 6791
6763 6791
453 6793
1196 6793
5595 6793
6338 6793
2285 6803
2844 6803
3957 6803
4516 6803
1641 6863
2465 6863
4396 6863
5220 6863
1131 6883
3100 6883
3781 6883
5750 6883
2528 6911
2882 6911
4027 6911
4381 6911
1412 6917
1962 6917
4953 6917
5503 6917
741 7001
1603 7001
5396 7001
6258 7001
365 7043
1423 7043
5618 7043
6676 7043
1163 7109
1819 7109
5288 7109
5944 7109
2256 7193
3033 7193
4158 7193
4935 7193
1898 7207
3445 7207
3760 7207
5307 7207
216 7213
830 7213
6381 7213
6995 7213
476 7219
2481 7219
4736 7219
6741 7219
2957 7243
3001 7243
4240 7243
4284 7243
1201 7283
2871 7283
4410 7283
6080 7283
2606 7307
3553 7307
3752 7307
4699 7307
245 7309
1544 7309
5763 7309
7062 7309
2508 7417
2831 7417
4584 7417
4907 7417
1547 7433
1718 7433
5713 7433
5884 7433
770 7477
3529 7477
3946 7477
6705 7477
239 7487
1434 7487
6051 7487
7246 7487
1601 7489
2112 7489
5375 7489
5886 7489
757 7499
2591 7499
4906 7499
6740 7499
2903 7549
3238 7549
4309 7549
4644 7549
2741 7603
3770 7603
3831 7603
4860 7603
1554 7643
2894 7643
4747 7643
6087 7643
2082 7669
3099 7669
4568 7669
5585 7669
250 7823
373 7823
7448 7823
7571 7823
435 7853
3133 7853
4718 7853
7416 7853
3651 7867
3674 7867
4191 7867
4214 7867
2460 7949
2864 7949
5083 7949
5487 7949
695 7993
2181 7993
5810 7993
7296 7993
750 8039
3403 8039
4634 8039
7287 8039
426 8053
3488 8053
4563 8053
7625 8053
2050 8081
2824 8081
5255 8081
6029 8081
2582 8087
3875 8087
4210 8087
5503 8087
441 8161
2547 8161
5612 8161
7718 8161
2282 8191
3063 8191
5126 8191
5907 8191
755 8263
2338 8263
5923 8263
7506 8263
991 8287
1085 8287
7200 8287
7294 8287
3062 8297
3515 8297
4780 8297
5233 8297
422 8329
2224 8329
6103 8329
7905 8329
454 8353
2459 8353
5892 8353
7897 8353
2046 8389
3171 8389
5216 8389
6341 8389
3093 8429
3922 8429
4505 8429
5334 8429
653 8581
3909 8581
4670 8581
7926 8581
238 8677
2613 8677
6062 8677
8437 8677
2307 8741
2794 8741
5945 8741
6432 8741
844 8753
4101 8753
4650 8753
7907 8753
3801 8779
3929 8779
4848 8779
4976 8779
