1 2
1 2
7 11
10 11
9 13
1 17
13 17
20 23
23 41
42 47
28 53
35 53
40 53
49 59
50 61
34 67
59 71
17 73
44 79
45 79
48 79
71 83
23 89
26 97
55 97
83 101
27 103
20 107
117 127
36 131
88 131
124 131
98 139
114 139
117 139
116 149
104 151
117 157
22 163
32 173
114 179
66 181
22 193
98 197
79 199
61 223
175 239
151 251
203 263
217 269
96 271
175 277
3 283
230 293
252 293
258 293
85 307
228 313
178 317
104 331
174 337
264 337
289 337
2 347
60 349
134 349
265 349
351 353
163 379
93 389
145 389
376 389
344 401
55 409
128 409
398 409
192 419
99 421
263 421
369 421
274 431
332 433
52 439
76 443
211 449
231 449
314 449
199 467
217 467
272 467
303 487
24 499
5 503
252 509
337 509
402 509
106 523
68 541
329 541
457 541
203 547
339 547
523 547
384 563
62 571
210 571
419 571
276 593
420 593
521 593
356 599
224 607
327 613
395 613
407 613
110 617
377 631
585 643
32 659
81 661
442 673
410 677
304 701
10 709
302 709
658 709
52 719
358 719
498 719
712 733
93 743
364 743
199 757
309 757
448 757
477 769
462 773
77 787
255 797
398 823
141 827
183 829
537 829
676 829
40 839
38 853
734 853
844 853
104 857
355 857
488 857
281 859
184 863
561 877
45 881
165 883
389 883
840 883
559 907
792 919
793 937
467 941
295 953
431 953
929 953
195 967
589 971
617 991
236 997
599 997
739 997
205 1013
510 1013
671 1013
546 1021
818 1031
274 1051
461 1051
703 1051
592 1061
24 1063
1036 1093
9 1097
630 1103
809 1103
999 1103
182 1117
439 1123
1081 1129
900 1151
127 1153
616 1153
1138 1153
289 1163
289 1171
159 1181
312 1181
399 1181
53 1187
908 1187
913 1187
145 1193
338 1193
647 1193
18 1201
141 1217
824 1223
920 1223
1088 1223
42 1229
190 1229
544 1229
189 1231
742 1237
924 1249
823 1259
592 1277
506 1283
685 1289
351 1291
17 1297
302 1297
773 1297
740 1301
908 1303
557 1307
980 1307
1008 1307
283 1319
482 1319
1248 1319
1226 1327
265 1361
1294 1367
1094 1373
268 1381
888 1409
564 1427
1211 1429
167 1433
1003 1433
1017 1433
905 1439
62 1447
297 1447
707 1447
1388 1453
191 1481
1126 1481
1333 1481
1191 1483
78 1487
132 1487
1042 1487
142 1489
163 1489
165 1489
61 1493
937 1493
1202 1493
802 1499
280 1523
332 1531
859 1531
1065 1531
1270 1543
323 1549
1352 1553
834 1559
1044 1567
717 1571
77 1579
591 1579
1077 1579
1374 1601
128 1613
1425 1621
355 1627
1518 1657
1032 1663
899 1667
299 1697
629 1699
1519 1709
1573 1709
1675 1709
191 1721
1407 1723
913 1733
458 1741
841 1741
1633 1741
479 1759
1760 1777
408 1787
501 1789
925 1801
1049 1801
1533 1801
1235 1811
27 1831
429 1847
284 1861
1489 1861
1557 1861
247 1867
653 1877
1304 1877
1698 1877
1431 1879
839 1889
1077 1901
729 1907
837 1907
943 1907
180 1913
832 1931
1430 1949
1318 1973
1318 1973
1888 1987
1482 1993
1659 2003
682 2017
1425 2027
151 2039
1315 2063
630 2069
1073 2081
342 2087
1725 2089
284 2099
332 2099
599 2099
690 2111
1751 2111
2003 2111
189 2129
983 2137
1023 2137
1368 2137
1264 2141
1101 2161
1609 2161
1953 2161
370 2203
875 2213
1237 2221
1383 2221
1588 2221
662 2237
1386 2243
28 2267
114 2267
693 2267
529 2269
990 2269
1944 2269
1598 2273
107 2287
130 2287
485 2287
1731 2297
1101 2309
2243 2309
2246 2309
21 2311
123 2311
1437 2311
2248 2341
1765 2347
1950 2351
896 2377
819 2383
53 2393
709 2423
1823 2437
1498 2447
38 2459
833 2467
983 2467
1300 2467
1894 2473
1167 2477
13 2503
1011 2503
1874 2503
1314 2521
431 2543
720 2543
2061 2543
325 2551
524 2551
1299 2551
1235 2557
1484 2591
2128 2609
4 2617
2595 2621
66 2633
1337 2659
1629 2663
485 2671
1358 2671
2093 2671
1180 2683
1863 2683
2464 2683
358 2693
901 2699
1221 2707
742 2713
2195 2713
2346 2713
184 2719
87 2741
879 2753
1720 2767
2559 2789
1262 2791
2089 2803
1321 2837
2487 2843
1518 2851
864 2857
2456 2887
2732 2887
2865 2887
1207 2897
195 2917
1637 2927
832 2953
1362 2953
2313 2953
853 2963
2121 2999
43 3001
953 3011
1412 3023
2406 3041
1421 3049
1655 3049
1738 3049
1451 3061
361 3079
3043 3083
1643 3089
2771 3109
2503 3119
963 3137
2534 3137
3107 3137
1287 3181
1451 3181
2117 3181
2467 3203
2509 3203
2947 3203
2748 3217
2580 3221
2394 3229
335 3251
1444 3251
1814 3251
967 3253
3164 3257
15 3259
207 3259
1150 3259
2652 3271
543 3299
2089 3299
2924 3299
554 3323
605 3323
1814 3323
2554 3343
1318 3347
1425 3347
3070 3347
2683 3361
1703 3371
3279 3373
1182 3389
1182 3389
393 3407
76 3433
567 3433
1525 3433
1712 3449
94 3457
2684 3457
3408 3457
736 3461
132 3463
2636 3467
755 3499
2517 3499
2805 3499
3199 3511
1694 3517
2497 3517
3213 3517
1277 3527
