1 2
2 3
2 5
3 5
1 7
4 13
10 13
14 71
38 71
43 71
66 71
3 79
4 79
20 79
53 79
8 83
41 83
52 83
81 83
43 151
97 151
137 151
144 151
33 157
40 157
106 157
138 157
66 173
97 173
121 173
163 173
28 191
87 191
101 191
116 191
68 227
99 227
133 227
217 227
50 239
139 239
141 239
196 239
14 281
100 281
222 281
261 281
5 283
168 283
170 283
251 283
73 293
244 293
287 293
289 293
16 307
96 307
183 307
255 307
99 359
126 359
208 359
330 359
45 397
129 397
150 397
357 397
109 401
145 401
177 401
298 401
92 431
237 431
342 431
411 431
100 449
229 449
256 449
335 449
41 467
250 467
262 467
368 467
176 523
286 523
419 523
459 523
33 563
67 563
273 563
521 563
27 569
228 569
274 569
287 569
46 587
161 587
268 587
412 587
143 599
331 599
377 599
561 599
27 631
187 631
372 631
497 631
59 641
278 641
279 641
402 641
103 643
348 643
364 643
437 643
172 677
185 677
225 677
337 677
74 733
372 733
400 733
525 733
6 751
219 751
626 751
727 751
182 773
395 773
538 773
648 773
50 787
155 787
425 787
721 787
64 797
137 797
459 797
606 797
154 809
256 809
394 809
730 809
404 853
540 853
605 853
834 853
357 911
437 911
517 911
837 911
241 919
286 919
307 919
461 919
92 991
405 991
438 991
614 991
116 997
679 997
780 997
827 997
227 1009
657 1009
966 1009
969 1009
282 1013
370 1013
569 1013
778 1013
255 1031
329 1031
492 1031
562 1031
565 1123
642 1123
981 1123
1036 1123
519 1129
663 1129
794 1129
831 1129
15 1201
238 1201
873 1201
1121 1201
257 1237
734 1237
799 1237
905 1237
291 1277
452 1277
611 1277
1068 1277
166 1289
311 1289
315 1289
1157 1289
413 1307
434 1307
788 1307
1045 1307
401 1409
722 1409
896 1409
1087 1409
105 1427
246 1427
299 1427
1398 1427
710 1439
833 1439
1076 1439
1328 1439
223 1471
376 1471
1144 1471
1462 1471
17 1481
697 1481
1072 1481
1137 1481
115 1483
149 1483
619 1483
637 1483
80 1613
132 1613
867 1613
1112 1613
23 1627
83 1627
283 1627
1529 1627
339 1637
367 1637
381 1637
507 1637
601 1693
1044 1693
1062 1693
1633 1693
697 1759
906 1759
953 1759
1412 1759
29 1801
598 1801
1180 1801
1286 1801
170 1831
1174 1831
1476 1831
1733 1831
107 1867
151 1867
1361 1867
1731 1867
254 1871
282 1871
523 1871
763 1871
147 1907
480 1907
869 1907
1828 1907
703 1973
943 1973
1429 1973
1730 1973
875 1987
893 1987
1295 1987
1878 1987
296 1999
493 1999
643 1999
771 1999
1107 2039
1136 2039
1538 2039
1969 2039
132 2081
1279 2081
1684 2081
1813 2081
180 2111
690 2111
1802 2111
1982 2111
163 2129
268 2129
1136 2129
1489 2129
372 2203
456 2203
574 2203
687 2203
1546 2243
1638 2243
1777 2243
1882 2243
546 2267
727 2267
1748 2267
1977 2267
72 2311
1270 2311
1316 2311
2200 2311
360 2357
1424 2357
2010 2357
2309 2357
309 2467
495 2467
781 2467
1134 2467
477 2477
558 2477
1750 2477
2295 2477
1100 2521
1246 2521
1877 2521
2434 2521
756 2591
1484 2591
2223 2591
2246 2591
542 2671
685 2671
1528 2671
2449 2671
458 2677
1923 2677
2099 2677
2589 2677
154 2689
226 2689
227 2689
702 2689
851 2693
981 2693
2416 2693
2518 2693
817 2707
1370 2707
2210 2707
2543 2707
1110 2711
1194 2711
1292 2711
1964 2711
1268 2801
1363 2801
1818 2801
1942 2801
664 2803
2250 2803
2340 2803
2579 2803
410 2879
639 2879
1115 2879
1526 2879
550 2917
1310 2917
1421 2917
2178 2917
1026 2957
1224 2957
1784 2957
2713 2957
236 2969
390 2969
427 2969
2524 2969
365 3037
952 3037
1745 3037
2388 3037
1350 3049
1922 3049
2229 3049
2785 3049
20 3083
997 3083
1642 3083
2004 3083
108 3089
712 3089
2807 3089
2946 3089
935 3119
1250 3119
1300 3119
2672 3119
424 3163
817 3163
964 3163
1768 3163
357 3253
1057 3253
1296 3253
2377 3253
775 3271
1064 3271
1946 3271
2085 3271
110 3307
1413 3307
1629 3307
3037 3307
677 3319
928 3319
1005 3319
1559 3319
90 3323
480 3323
1492 3323
1686 3323
1326 3329
1714 3329
2021 3329
2791 3329
1371 3361
2042 3361
2704 3361
3017 3361
568 3373
639 3373
739 3373
1253 3373
669 3511
1587 3511
2042 3511
2813 3511
477 3517
819 3517
1722 3517
3023 3517
338 3529
971 3529
2345 3529
3222 3529
1385 3533
1545 3533
2568 3533
3107 3533
1434 3547
1621 3547
2847 3547
2919 3547
1576 3643
2235 3643
2582 3643
2947 3643
584 3719
1280 3719
1546 3719
1643 3719
163 3761
1736 3761
1887 3761
2192 3761
380 3797
474 3797
1269 3797
3036 3797
2157 3853
2265 3853
3085 3853
3557 3853
596 3877
644 3877
1902 3877
2921 3877
202 3889
1906 3889
2509 3889
3858 3889
330 3923
906 3923
1745 3923
2651 3923
762 3929
938 3929
2047 3929
3707 3929
756 3947
2198 3947
2497 3947
2948 3947
266 4001
2181 4001
3523 4001
3775 4001
299 4003
874 4003
2450 4003
2945 4003
1205 4093
2252 4093
3023 4093
3699 4093
1196 4111
2992 4111
3097 4111
3255 4111
218 4133
397 4133
1572 4133
1839 4133
116 4157
621 4157
1971 4157
3260 4157
815 4159
1684 4159
1998 4159
2327 4159
193 4201
1448 4201
3548 4201
3966 4201
124 4271
217 4271
310 4271
3838 4271
618 4283
785 4283
797 4283
3290 4283
2949 4357
3407 4357
3467 4357
4029 4357
1653 4373
1988 4373
2919 4373
3082 4373
834 4391
950 4391
1798 4391
2722 4391
217 4481
413 4481
2877 4481
4305 4481
1270 4483
1951 4483
3858 4483
4070 4483
402 4493
2226 4493
2630 4493
4303 4493
437 4507
1828 4507
1908 4507
2182 4507
829 4519
1310 4519
1897 4519
4074 4519
199 4561
759 4561
2567 4561
3257 4561
2276 4597
2656 4597
3723 4597
4192 4597
452 4637
1635 4637
2232 4637
3765 4637
13 4649
2861 4649
3122 4649
3897 4649
1579 4723
1687 4723
2854 4723
4536 4723
715 4729
2553 4729
3204 4729
3470 4729
2402 4787
2816 4787
4241 4787
4410 4787
365 4799
1780 4799
2537 4799
2577 4799
1375 4831
3264 4831
4407 4831
4455 4831
1064 4877
1135 4877
1534 4877
3644 4877
312 4933
970 4933
3982 4933
4348 4933
587 4951
1029 4951
2599 4951
3147 4951
226 4973
2348 4973
2675 4973
4951 4973
472 4987
614 4987
3923 4987
3941 4987
1516 4999
3885 4999
4079 4999
4106 4999
392 5003
2071 5003
2394 5003
4250 5003
1342 5009
3075 5009
4131 5009
4423 5009
902 5119
2086 5119
3546 5119
4228 5119
3295 5197
3729 5197
4096 5197
5003 5197
810 5209
2000 5209
2251 5209
2284 5209
1350 5227
1692 5227
3468 5227
4077 5227
196 5231
1201 5231
4965 5231
5172 5231
1138 5279
2723 5279
4187 5279
4404 5279
560 5323
655 5323
884 5323
2950 5323
214 5333
1106 5333
1570 5333
1895 5333
302 5347
3490 5347
3665 5347
4607 5347
2345 5399
2650 5399
4365 5399
4621 5399
2117 5437
2314 5437
4694 5437
4815 5437
155 5441
723 5441
1018 5441
3823 5441
559 5471
1977 5471
2695 5471
4728 5471
7 5477
1565 5477
2812 5477
4322 5477
513 5507
2524 5507
3199 5507
5483 5507
626 5557
1144 5557
1660 5557
1841 5557
79 5563
1569 5563
2762 5563
4718 5563
191 5569
2041 5569
3408 5569
4783 5569
539 5639
1643 5639
2200 5639
3714 5639
285 5683
2162 5683
4347 5683
5591 5683
1867 5717
3137 5717
4239 5717
4682 5717
3295 5791
4370 5791
4438 5791
4972 5791
131 5813
355 5813
716 5813
1778 5813
11 5827
2119 5827
2453 5827
4530 5827
1914 5839
2468 5839
3681 5839
4662 5839
2666 5843
2790 5843
3837 5843
4040 5843
1357 5849
1940 5849
3832 5849
4418 5849
371 5881
428 5881
4731 5881
5477 5881
281 6037
2072 6037
3575 6037
5371 6037
581 6053
1580 6053
1927 6053
2740 6053
901 6067
1164 6067
1965 6067
4525 6067
406 6163
3624 6163
3641 6163
4812 6163
1217 6173
2450 6173
2876 6173
4694 6173
1654 6199
2215 6199
5536 6199
6012 6199
3375 6277
4021 6277
4035 6277
4180 6277
941 6311
2904 6311
5255 6311
5301 6311
2419 6317
2426 6317
2841 6317
4785 6317
772 6329
910 6329
4161 6329
5678 6329
3394 6373
3662 6373
4392 6373
4892 6373
945 6397
2242 6397
3461 6397
6309 6397
5044 6449
5251 6449
5405 6449
5961 6449
256 6521
1022 6521
1401 6521
4677 6521
954 6653
1597 6653
3364 6653
3637 6653
97 6679
482 6679
1038 6679
5746 6679
1941 6689
5845 6689
6158 6689
6465 6689
681 6733
3935 6733
6533 6733
6632 6733
503 6791
2859 6791
4848 6791
6764 6791
123 6803
1949 6803
3042 6803
5700 6803
789 6841
3848 6841
6078 6841
6825 6841
3353 6871
4528 6871
5088 6871
5705 6871
1212 6907
2824 6907
5431 6907
6117 6907
2613 6911
3597 6911
3705 6911
4792 6911
59 6947
471 6947
3438 6947
4403 6947
142 6959
5385 6959
5584 6959
6910 6959
3631 7001
5801 7001
5840 7001
6089 7001
641 7013
962 7013
3142 7013
4245 7013
170 7027
1212 7027
3786 7027
6903 7027
830 7039
3740 7039
3809 7039
5337 7039
2260 7079
3841 7079
3968 7079
4451 7079
976 7121
2224 7121
2712 7121
4312 7121
2867 7151
3684 7151
3718 7151
6599 7151
869 7187
950 7187
4251 7187
7013 7187
1163 7213
1817 7213
3541 7213
4205 7213
423 7237
3360 7237
6450 7237
7209 7237
1189 7243
1807 7243
6277 7243
6512 7243
503 7283
695 7283
5919 7283
6701 7283
84 7307
87 7307
4692 7307
5066 7307
123 7351
759 7351
1016 7351
5075 7351
713 7507
3271 7507
4053 7507
6591 7507
582 7517
1843 7517
5547 7517
6290 7517
550 7523
2748 7523
3485 7523
6333 7523
192 7529
2533 7529
4039 7529
4625 7529
2837 7561
5154 7561
6160 7561
6980 7561
394 7573
666 7573
5856 7573
6093 7573
281 7639
734 7639
1978 7639
3078 7639
226 7643
587 7643
7005 7643
7271 7643
1807 7681
2552 7681
3069 7681
3994 7681
1181 7717
1269 7717
1810 7717
1873 7717
206 7841
3616 7841
3777 7841
4262 7841
2892 7853
4489 7853
4998 7853
6145 7853
5184 7867
6527 7867
6557 7867
6744 7867
98 7879
402 7879
1585 7879
5995 7879
693 7919
2069 7919
2274 7919
6943 7919
3023 8009
3595 8009
4469 8009
7805 8009
201 8053
1599 8053
6811 8053
7081 8053
2449 8089
4518 8089
6094 8089
7679 8089
2184 8123
2637 8123
4903 8123
5063 8123
3334 8147
3711 8147
7484 8147
7822 8147
603 8191
2676 8191
5739 8191
7573 8191
649 8237
4568 8237
6093 8237
6219 8237
1556 8293
2976 8293
3709 8293
5367 8293
1417 8311
3220 8311
6351 8311
7764 8311
882 8363
1830 8363
3167 8363
7415 8363
3614 8369
3627 8369
6440 8369
6704 8369
1345 8521
3193 8521
4300 8521
7766 8521
288 8573
1280 8573
3537 8573
5885 8573
2064 8627
2690 8627
6629 8627
6976 8627
2270 8681
4805 8681
6999 8681
7071 8681
3990 8689
6090 8689
7335 8689
7537 8689
4078 8693
4766 8693
7058 8693
7947 8693
282 8707
2534 8707
2553 8707
4230 8707
38 8719
6654 8719
7102 8719
7220 8719
871 8761
2233 8761
2684 8761
8588 8761
2929 8831
4715 8831
7426 8831
7799 8831
1000 8837
2006 8837
2999 8837
6683 8837
185 8849
287 8849
2900 8849
3207 8849
826 8867
2770 8867
3725 8867
4728 8867
16 8893
108 8893
2882 8893
6114 8893
3392 8923
6516 8923
7245 8923
8471 8923
152 8929
2291 8929
4332 8929
6503 8929
3326 8963
3700 8963
5200 8963
8227 8963
455 8969
1301 8969
2103 8969
4879 8969
1264 8999
1712 8999
5304 8999
8794 8999
383 9041
1862 9041
2455 9041
6890 9041
2599 9043
2620 9043
4694 9043
6317 9043
1847 9133
3313 9133
3627 9133
6902 9133
831 9151
914 9151
1831 9151
2289 9151
2778 9173
3558 9173
4504 9173
8681 9173
2419 9187
5741 9187
6561 9187
7421 9187
3836 9199
5470 9199
8098 9199
8305 9199
302 9203
579 9203
3962 9203
4123 9203
68 9209
948 9209
1761 9209
8320 9209
660 9241
5622 9241
7474 9241
9227 9241
3108 9311
6357 9311
8595 9311
8917 9311
1108 9319
5742 9319
7107 9319
9220 9319
1338 9323
1385 9323
3686 9323
7694 9323
2114 9391
3360 9391
4811 9391
7292 9391
3639 9397
6174 9397
6683 9397
6875 9397
3183 9413
6160 9413
6426 9413
6435 9413
790 9431
1540 9431
3520 9431
6240 9431
4588 9467
5986 9467
7705 9467
9150 9467
2315 9479
5912 9479
6415 9479
9176 9479
3185 9521
3624 9521
5504 9521
8681 9521
825 9533
2555 9533
5384 9533
6390 9533
649 9547
5544 9547
5836 9547
5840 9547
1506 9601
4475 9601
4775 9601
5737 9601
1998 9677
4680 9677
6838 9677
7822 9677
1527 9689
4218 9689
4454 9689
5203 9689
3562 9733
5178 9733
7258 9733
7460 9733
3275 9769
5059 9769
5089 9769
5613 9769
1252 9803
1887 9803
1912 9803
8270 9803
2230 9839
4163 9839
5469 9839
6049 9839
2827 9871
3671 9871
7373 9871
8401 9871
808 9883
2801 9883
3699 9883
8149 9883
3687 9973
5069 9973
6147 9973
6832 9973
636 10037
2383 10037
3110 10037
7510 10037
1744 10039
5712 10039
8930 10039
9354 10039
324 10093
3707 10093
5295 10093
9565 10093
154 10151
565 10151
2138 10151
5471 10151
689 10159
2713 10159
7736 10159
8658 10159
5010 10163
6112 10163
6515 10163
7118 10163
98 10253
2293 10253
5545 10253
9940 10253
504 10267
883 10267
4502 10267
5430 10267
4429 10271
5568 10271
6957 10271
7274 10271
1768 10369
2100 10369
6985 10369
7757 10369
4514 10399
4843 10399
8480 10399
9626 10399
2379 10477
3286 10477
4012 10477
7515 10477
1896 10529
2971 10529
5424 10529
10496 10529
4958 10597
9321 10597
9505 10597
9908 10597
2909 10667
5328 10667
5647 10667
7996 10667
2737 10711
5700 10711
9310 10711
10540 10711
715 10723
3483 10723
5369 10723
6379 10723
823 10831
4151 10831
9195 10831
9436 10831
1683 10853
3873 10853
4038 10853
10163 10853
2396 10867
2981 10867
4976 10867
7479 10867
546 10883
2438 10883
3772 10883
9707 10883
2241 10889
4951 10889
7133 10889
8848 10889
655 11003
1252 11003
4418 11003
6934 11003
1627 11071
2423 11071
6246 11071
9574 11071
380 11093
542 11093
5926 11093
10786 11093
798 11159
4293 11159
8717 11159
10798 11159
2057 11213
2622 11213
7282 11213
11039 11213
1096 11239
9375 11239
9400 11239
10675 11239
707 11279
2239 11279
2393 11279
7385 11279
1431 11317
8879 11317
10194 11317
10254 11317
4206 11321
7058 11321
9956 11321
10710 11321
5383 11351
5440 11351
6830 11351
10869 11351
5805 11369
8247 11369
10284 11369
10353 11369
834 11437
4594 11437
8659 11437
9959 11437
3124 11443
7520 11443
9177 11443
9519 11443
381 11483
3466 11483
6834 11483
7573 11483
967 11489
2198 11489
5370 11489
7961 11489
3560 11519
6841 11519
7510 11519
9261 11519
3759 11551
4327 11551
5307 11551
6450 11551
2668 11597
5834 11597
8237 11597
10617 11597
1333 11717
3077 11717
6821 11717
7395 11717
143 11719
2059 11719
3360 11719
5555 11719
394 11831
3235 11831
5375 11831
7073 11831
1320 11839
1444 11839
6848 11839
7083 11839
133 11933
1615 11933
1935 11933
7943 11933
1282 11987
1426 11987
3623 11987
9958 11987
450 12041
4261 12041
7733 12041
10402 12041
1419 12043
1649 12043
8406 12043
11067 12043
2170 12049
7557 12049
8741 12049
11499 12049
2126 12119
3108 12119
7163 12119
10597 12119
8978 12157
9656 12157
9929 12157
10089 12157
3059 12161
3143 12161
9891 12161
11658 12161
4083 12197
5864 12197
6455 12197
6740 12197
2482 12227
2749 12227
8691 12227
11158 12227
4110 12253
7683 12253
10529 12253
10980 12253
141 12277
1219 12277
4254 12277
5088 12277
4500 12289
6652 12289
7895 12289
8681 12289
898 12323
5964 12323
7671 12323
9796 12323
147 12329
1639 12329
2600 12329
10471 12329
5148 12347
5445 12347
7737 12347
11745 12347
3309 12391
5857 12391
7193 12391
10646 12391
4617 12401
9382 12401
10616 12401
12269 12401
3763 12437
5190 12437
6316 12437
6415 12437
4566 12511
8819 12511
10930 12511
11613 12511
2730 12547
7035 12547
8213 12547
9367 12547
1909 12569
2437 12569
6710 12569
11825 12569
2019 12601
2547 12601
11359 12601
12507 12601
736 12613
874 12613
7111 12613
11006 12613
353 12671
5237 12671
8220 12671
8282 12671
1330 12721
3062 12721
5251 12721
12210 12721
388 12757
7416 12757
9308 12757
11672 12757
1281 12791
4713 12791
9231 12791
10028 12791
5042 12889
5096 12889
6877 12889
8101 12889
2836 12893
8153 12893
10088 12893
10328 12893
6293 12907
7352 12907
9208 12907
9248 12907
7024 12919
9926 12919
11317 12919
11814 12919
708 12959
5762 12959
7658 12959
9463 12959
1624 13001
1794 13001
4138 13001
10111 13001
1623 13037
1774 13037
9267 13037
11069 13037
6125 13049
6500 13049
8338 13049
10822 13049
350 13093
3479 13093
5179 13093
6434 13093
3751 13163
6131 13163
8152 13163
8966 13163
1670 13187
2150 13187
2619 13187
9452 13187
3979 13241
4811 13241
7698 13241
10672 13241
2881 13397
3191 13397
9556 13397
11852 13397
3141 13399
7574 13399
9965 13399
11614 13399
1103 13441
6032 13441
6180 13441
8741 13441
4510 13523
5128 13523
5796 13523
10224 13523
2469 13591
3545 13591
9071 13591
11399 13591
873 13597
4150 13597
4315 13597
12974 13597
7765 13613
7890 13613
8280 13613
10271 13613
1216 13627
1552 13627
8035 13627
10510 13627
1252 13679
1644 13679
11291 13679
11767 13679
3122 13721
3995 13721
11345 13721
12849 13721
5589 13723
8332 13723
10984 13723
13448 13723
3911 13729
11356 13729
12753 13729
13518 13729
7519 13759
8404 13759
10185 13759
13404 13759
1534 13799
8070 13799
10056 13799
11829 13799
1725 13841
4726 13841
6916 13841
10765 13841
4462 13877
4604 13877
10005 13877
12596 13877
1488 13907
3753 13907
7075 13907
7652 13907
4934 13933
5895 13933
5975 13933
12490 13933
9079 13963
10072 13963
10077 13963
13018 13963
8225 14009
10992 14009
11260 14009
13345 14009
1347 14071
6696 14071
8975 14071
9319 14071
2046 14081
8472 14081
11927 14081
12937 14081
2896 14083
3370 14083
5053 14083
6374 14083
2451 14173
2525 14173
6528 14173
10663 14173
4113 14243
6351 14243
8190 14243
11657 14243
1621 14249
4149 14249
5540 14249
8053 14249
2438 14281
3169 14281
5422 14281
13504 14281
2560 14293
3590 14293
9743 14293
11959 14293
2663 14401
3150 14401
4110 14401
5954 14401
1271 14431
3635 14431
4201 14431
5693 14431
1045 14437
3067 14437
7109 14437
13580 14437
4791 14449
9696 14449
13708 14449
14410 14449
2956 14519
3069 14519
8279 14519
12127 14519
4407 14561
6323 14561
11551 14561
12067 14561
2346 14563
8672 14563
13042 14563
13280 14563
4863 14639
7905 14639
9539 14639
12225 14639
1918 14717
2875 14717
7159 14717
8047 14717
1255 14747
1352 14747
4900 14747
10264 14747
1311 14797
4498 14797
6984 14797
10350 14797
12102 14843
12228 14843
13038 14843
13630 14843
5531 14867
7163 14867
7623 14867
11322 14867
5149 14879
5582 14879
8042 14879
11747 14879
4860 14923
4868 14923
5754 14923
9006 14923
3917 14957
6288 14957
6900 14957
13575 14957
720 15013
754 15013
6735 15013
14117 15013
4191 15031
10304 15031
10918 15031
13127 15031
4352 15053
6111 15053
6181 15053
13075 15053
1667 15077
3871 15077
6730 15077
9380 15077
4533 15083
5214 15083
6707 15083
12164 15083
8168 15121
12867 15121
13416 15121
13625 15121
916 15199
3121 15199
5990 15199
7899 15199
2439 15241
6095 15241
6930 15241
13063 15241
1986 15271
6794 15271
13547 15271
14479 15271
10555 15277
10576 15277
12219 15277
15222 15277
101 15289
8196 15289
8594 15289
14078 15289
1591 15307
7933 15307
8297 15307
12007 15307
107 15359
11359 15359
11669 15359
11914 15359
313 15401
2165 15401
9366 15401
15008 15401
4496 15413
8128 15413
8319 15413
11858 15413
1218 15427
5155 15427
7118 15427
8264 15427
157 15439
7572 15439
8564 15439
11417 15439
1307 15551
4148 15551
9471 15551
14580 15551
1367 15569
2862 15569
4419 15569
8916 15569
2079 15643
3717 15643
6224 15643
7633 15643
1419 15649
7433 15649
10286 15649
13764 15649
2111 15683
8707 15683
9831 15683
13933 15683
1191 15761
3464 15761
3963 15761
10375 15761
161 15797
12508 15797
12896 15797
14129 15797
4392 15907
9232 15907
15057 15907
15776 15907
5274 15919
10175 15919
13693 15919
14124 15919
2421 15923
4525 15923
7573 15923
14468 15923
3073 15973
3389 15973
6274 15973
9789 15973
1939 16111
4213 16111
4218 16111
9871 16111
4519 16187
7318 16187
13279 16187
15558 16187
7359 16249
8191 16249
12706 16249
14657 16249
4183 16253
4335 16253
10003 16253
12317 16253
6174 16267
6716 16267
9409 16267
14405 16267
2372 16319
7272 16319
7507 16319
8791 16319
3245 16361
7008 16361
11188 16361
12119 16361
2094 16427
6497 16427
12434 16427
13934 16427
4983 16453
11591 16453
13379 16453
16030 16453
1584 16477
7793 16477
10134 16477
12597 16477
251 16529
5768 16529
6256 16529
8915 16529
7132 16547
7835 16547
15168 16547
16535 16547
4298 16603
7826 16603
11348 16603
12713 16603
642 16693
5680 16693
10824 16693
16667 16693
5226 16747
5354 16747
7310 16747
8303 16747
3351 16759
8873 16759
11733 16759
12568 16759
2605 16763
4071 16763
14884 16763
16693 16763
5983 16871
8279 16871
12459 16871
14374 16871
3043 16879
3284 16879
10223 16879
15043 16879
3163 16883
8355 16883
8647 16883
9271 16883
2233 16921
6388 16921
10708 16921
11041 16921
12730 16987
13970 16987
14501 16987
16728 16987
64 17027
5587 17027
8063 17027
10734 17027
4589 17093
11260 17093
15868 17093
16493 17093
6974 17107
10208 17107
13576 17107
14421 17107
3992 17159
7135 17159
11180 17159
11570 17159
4720 17231
6604 17231
11750 17231
16247 17231
2416 17293
3858 17293
10083 17293
10690 17293
2900 17317
5564 17317
10432 17317
16181 17317
4892 17387
9802 17387
12156 17387
12827 17387
352 17431
1238 17431
1866 17431
5035 17431
7549 17443
8596 17443
8993 17443
11536 17443
2557 17477
5187 17477
5591 17477
7726 17477
10140 17551
12824 17551
13899 17551
16239 17551
4167 17573
9670 17573
12652 17573
16316 17573
12718 17597
12815 17597
12847 17597
16666 17597
931 17599
3966 17599
5671 17599
8835 17599
2932 17609
4384 17609
13267 17609
15537 17609
570 17761
3708 17761
7728 17761
15773 17761
1664 17791
4145 17791
10959 17791
13795 17791
6704 17827
9224 17827
9799 17827
14497 17827
1438 17921
3153 17921
3371 17921
10877 17921
5682 17923
9687 17923
13052 17923
14777 17923
1581 17929
3966 17929
5432 17929
10167 17929
10090 17959
13036 17959
14668 17959
15161 17959
3419 18041
11197 18041
13710 18041
15619 18041
8305 18077
12803 18077
16362 18077
17687 18077
1183 18089
10709 18089
13454 18089
15933 18089
176 18133
3606 18133
10664 18133
12520 18133
5313 18169
12959 18169
15829 18169
16678 18169
