1 2
1 3
2 5
3 17
5 17
7 17
15 17
4 23
16 23
1 29
5 29
23 29
26 29
10 31
21 31
22 31
30 31
5 43
8 43
10 43
18 43
2 59
26 59
44 59
3 61
7 61
25 61
42 61
13 67
39 67
42 67
44 67
26 89
43 89
54 89
62 89
12 131
68 131
96 131
101 131
10 157
84 157
138 157
140 157
26 181
55 181
148 181
157 181
70 191
106 191
153 191
169 191
33 193
108 193
125 193
126 193
78 197
125 197
155 197
159 197
52 223
69 223
135 223
163 223
77 229
170 229
181 229
208 229
4 263
136 263
139 263
242 263
131 271
168 271
199 271
218 271
169 317
173 317
245 317
256 317
22 359
92 359
149 359
278 359
259 379
261 379
302 379
353 379
63 431
101 431
119 431
352 431
34 439
35 439
215 439
400 439
133 521
206 521
214 521
356 521
108 571
263 571
266 571
398 571
90 587
294 587
390 587
489 587
42 607
78 607
471 607
499 607
69 653
157 653
197 653
318 653
119 661
139 661
306 661
567 661
552 673
557 673
571 673
578 673
124 733
249 733
462 733
705 733
177 743
278 743
333 743
433 743
104 821
321 821
805 821
815 821
39 881
145 881
162 881
415 881
119 907
310 907
323 907
754 907
213 911
221 911
464 911
522 911
487 1031
497 1031
661 1031
731 1031
334 1039
487 1039
559 1039
944 1039
147 1049
360 1049
632 1049
834 1049
108 1061
703 1061
783 1061
1013 1061
182 1069
447 1069
685 1069
1059 1069
378 1103
619 1103
885 1103
903 1103
141 1129
483 1129
847 1129
863 1129
231 1171
428 1171
615 1171
1127 1171
165 1193
529 1193
913 1193
920 1193
794 1217
904 1217
1172 1217
1193 1217
223 1231
689 1231
715 1231
751 1231
618 1297
734 1297
800 1297
1035 1297
405 1367
607 1367
951 1367
1118 1367
91 1373
542 1373
948 1373
1211 1373
153 1427
321 1427
484 1427
928 1427
341 1433
467 1433
574 1433
1192 1433
69 1543
716 1543
969 1543
1253 1543
349 1567
967 1567
1228 1567
1280 1567
644 1579
705 1579
1126 1579
1298 1579
183 1583
588 1583
690 1583
1302 1583
127 1601
622 1601
1022 1601
1539 1601
194 1607
966 1607
1450 1607
1584 1607
764 1693
908 1693
1164 1693
1439 1693
1328 1721
1345 1721
1418 1721
1509 1721
329 1723
387 1723
687 1723
1546 1723
237 1733
297 1733
1055 1733
1289 1733
61 1747
920 1747
1269 1747
1658 1747
243 1783
943 1783
986 1783
1605 1783
535 1861
825 1861
833 1861
1560 1861
387 1879
698 1879
1009 1879
1759 1879
339 1979
601 1979
1081 1979
1970 1979
280 2011
1239 2011
1582 2011
1943 2011
233 2017
1052 2017
1606 2017
1792 2017
136 2029
157 2029
532 2029
722 2029
212 2039
272 2039
946 2039
1507 2039
1017 2087
1083 2087
1503 2087
1950 2087
34 2099
102 2099
107 2099
1642 2099
2028 2179
2124 2179
2129 2179
2139 2179
319 2207
685 2207
2028 2207
2167 2207
219 2237
515 2237
1270 2237
1332 2237
239 2239
1073 2239
1710 2239
1797 2239
941 2243
1517 2243
1569 2243
1675 2243
149 2251
454 2251
505 2251
1028 2251
193 2267
730 2267
1818 2267
2023 2267
443 2273
951 2273
971 2273
1487 2273
633 2377
940 2377
1284 2377
1413 2377
289 2381
364 2381
1122 2381
1574 2381
432 2473
559 2473
1181 2473
1516 2473
74 2579
611 2579
816 2579
1602 2579
213 2591
1647 2591
2065 2591
2530 2591
163 2609
553 2609
680 2609
1522 2609
231 2683
1654 2683
1886 2683
2413 2683
154 2711
1090 2711
2201 2711
2390 2711
82 2729
387 2729
1196 2729
1526 2729
1228 2731
1609 2731
2361 2731
2439 2731
1705 2741
1795 2741
2099 2741
2577 2741
256 2777
482 2777
822 2777
1593 2777
1041 2791
1736 2791
1740 2791
2389 2791
718 2819
1046 2819
1344 2819
2195 2819
180 2837
783 2837
1373 2837
1943 2837
783 2851
1579 2851
1908 2851
1963 2851
723 2887
1323 2887
1416 2887
1920 2887
1180 2897
1289 2897
1662 2897
2890 2897
493 2917
566 2917
1713 2917
1776 2917
208 2939
820 2939
1871 2939
2032 2939
1805 3041
1832 3041
2695 3041
2842 3041
1180 3049
1526 3049
2831 3049
3041 3049
720 3083
1774 3083
2015 3083
2179 3083
125 3119
1346 3119
2009 3119
2546 3119
1609 3181
1641 3181
1982 3181
2693 3181
461 3221
2226 3221
2816 3221
3013 3221
349 3251
458 3251
789 3251
3032 3251
209 3253
1869 3253
1943 3253
2705 3253
144 3313
352 3313
1253 3313
1395 3313
1097 3361
2611 3361
2657 3361
2806 3361
81 3373
747 3373
1564 3373
1838 3373
703 3389
1631 3389
2977 3389
3362 3389
439 3413
1155 3413
2154 3413
3251 3413
1369 3449
1416 3449
1425 3449
2629 3449
766 3463
1040 3463
1090 3463
2386 3463
704 3491
922 3491
923 3491
1829 3491
556 3517
1405 3517
2836 3517
3071 3517
468 3541
790 3541
1777 3541
2426 3541
1166 3581
1578 3581
3100 3581
3199 3581
2078 3583
2769 3583
2779 3583
3001 3583
857 3659
1885 3659
2945 3659
3615 3659
331 3691
1233 3691
1855 3691
1898 3691
290 3727
584 3727
1102 3727
2698 3727
1564 3881
2509 3881
3392 3881
3717 3881
1012 3889
1908 3889
3178 3889
3591 3889
327 3907
537 3907
1280 3907
2226 3907
527 3919
1163 3919
2652 3919
3894 3919
406 3923
1441 3923
2780 3923
2886 3923
170 3931
587 3931
962 3931
3544 3931
457 4021
709 4021
1077 4021
1573 4021
633 4057
906 4057
960 4057
3139 4057
128 4093
279 4093
3153 4093
3238 4093
1057 4099
1663 4099
2780 4099
3948 4099
1797 4127
2071 4127
2254 4127
2761 4127
600 4153
884 4153
2024 4153
3812 4153
532 4243
1403 4243
2192 4243
2201 4243
450 4259
457 4259
696 4259
4027 4259
1735 4289
2477 4289
2870 4289
3749 4289
407 4349
507 4349
700 4349
3619 4349
81 4357
107 4357
417 4357
3973 4357
13 4391
414 4391
1200 4391
3210 4391
1001 4397
3127 4397
3557 4397
4164 4397
936 4451
998 4451
1285 4451
3721 4451
766 4517
2834 4517
3286 4517
4138 4517
2247 4567
4213 4567
4315 4567
4551 4567
1787 4597
1816 4597
3659 4597
4191 4597
877 4639
1078 4639
1179 4639
3077 4639
345 4733
2541 4733
3409 4733
3732 4733
1145 4787
1832 4787
3453 4787
3468 4787
2037 4799
2938 4799
3388 4799
4244 4799
816 4903
1114 4903
2211 4903
2839 4903
1217 4931
2167 4931
2849 4931
3127 4931
415 4933
1077 4933
1455 4933
3156 4933
562 4943
1802 4943
2652 4943
4283 4943
1344 4967
1717 4967
3825 4967
4647 4967
829 4993
927 4993
2417 4993
2512 4993
100 5003
205 5003
1185 5003
4954 5003
804 5081
2654 5081
2759 5081
5064 5081
216 5099
2151 5099
3796 5099
4553 5099
1842 5197
1965 5197
4062 5197
5167 5197
308 5231
424 5231
2344 5231
4105 5231
653 5233
1047 5233
1610 5233
4672 5233
555 5237
812 5237
1780 5237
4131 5237
334 5297
1773 5297
3609 5297
4249 5297
1644 5393
2447 5393
3605 5393
5009 5393
1318 5399
2069 5399
3267 5399
4601 5399
2432 5407
2661 5407
4047 5407
4881 5407
533 5419
1145 5419
1331 5419
2685 5419
1505 5431
2152 5431
2805 5431
3571 5431
1384 5443
2834 5443
3204 5443
4386 5443
146 5471
192 5471
1010 5471
3937 5471
983 5557
3286 5557
3987 5557
4647 5557
319 5569
775 5569
3349 5569
5373 5569
878 5647
1821 5647
1865 5647
2231 5647
599 5693
4881 5693
5428 5693
5688 5693
1507 5701
2759 5701
3487 5701
5581 5701
154 5743
1400 5743
3574 5743
4216 5743
2600 5783
3125 5783
3986 5783
4991 5783
1977 5801
2994 5801
3172 5801
4540 5801
412 5807
665 5807
781 5807
4539 5807
1617 5843
2844 5843
4375 5843
4434 5843
293 5881
386 5881
4381 5881
5605 5881
756 5903
833 5903
4441 5903
4875 5903
3647 6011
3874 6011
4166 6011
5021 6011
721 6029
916 6029
1602 6029
4731 6029
1856 6037
1982 6037
4069 6037
5292 6037
741 6043
2954 6043
3917 6043
5088 6043
1176 6073
2771 6073
3173 6073
4202 6073
8 6089
2386 6089
2952 6089
5077 6089
152 6091
1520 6091
2245 6091
5890 6091
467 6101
855 6101
1175 6101
5775 6101
78 6131
4868 6131
4923 6131
5406 6131
1778 6229
1789 6229
2636 6229
5621 6229
1094 6269
3923 6269
3937 6269
4646 6269
1826 6277
2404 6277
3082 6277
3752 6277
1500 6337
1749 6337
2494 6337
2849 6337
467 6427
1389 6427
4494 6427
5632 6427
2857 6451
3834 6451
4973 6451
5283 6451
2647 6473
3575 6473
3791 6473
4249 6473
113 6547
2377 6547
3423 6547
5405 6547
54 6569
1897 6569
4147 6569
4590 6569
2683 6581
4904 6581
5856 6581
6411 6581
1140 6607
1704 6607
3201 6607
3585 6607
1644 6673
3587 6673
5086 6673
5856 6673
343 6701
439 6701
5465 6701
6473 6701
1620 6733
2892 6733
4347 6733
6090 6733
754 6737
763 6737
2394 6737
4995 6737
434 6761
1301 6761
3787 6761
5593 6761
578 6781
2284 6781
4040 6781
5740 6781
3011 6803
3240 6803
4038 6803
6545 6803
1848 6911
2739 6911
4441 6911
5262 6911
647 6947
1548 6947
1741 6947
1833 6947
564 6971
1875 6971
5167 6971
5981 6971
84 6983
1354 6983
2507 6983
5878 6983
1587 7019
1749 7019
3589 7019
5209 7019
769 7109
880 7109
5856 7109
6110 7109
1656 7127
4479 7127
4575 7127
5597 7127
419 7151
808 7151
1731 7151
2132 7151
3571 7159
4447 7159
5333 7159
5456 7159
1003 7177
5279 7177
5746 7177
6583 7177
4856 7213
5050 7213
5899 7213
7056 7213
2174 7219
3555 7219
4574 7219
7071 7219
1796 7237
2818 7237
5815 7237
6743 7237
4463 7253
4581 7253
5180 7253
6551 7253
222 7307
493 7307
2145 7307
4818 7307
1053 7459
1124 7459
6510 7459
6989 7459
172 7523
2014 7523
2653 7523
3321 7523
743 7549
3311 7549
5459 7549
6736 7549
1427 7577
4176 7577
4564 7577
5757 7577
207 7591
1007 7591
2910 7591
6297 7591
2349 7691
3035 7691
5504 7691
7622 7691
1527 7753
4908 7753
5505 7753
6325 7753
383 7757
3815 7757
6456 7757
7226 7757
4305 7759
5837 7759
6277 7759
7515 7759
1037 7789
1364 7789
3439 7789
6173 7789
545 7817
1456 7817
5526 7817
7444 7817
1614 7919
4772 7919
4941 7919
5450 7919
2305 7951
3306 7951
6286 7951
7104 7951
313 7963
915 7963
5802 7963
6736 7963
1611 8017
2209 8017
5004 8017
5443 8017
3393 8087
4030 8087
4501 8087
5346 8087
1358 8089
3710 8089
7059 8089
7478 8089
593 8123
648 8123
1328 8123
4039 8123
184 8167
3845 8167
4983 8167
8152 8167
842 8221
1003 8221
5238 8221
6293 8221
630 8263
829 8263
2370 8263
3173 8263
1577 8353
3315 8353
3794 8353
7170 8353
944 8389
2736 8389
7679 8389
8120 8389
1185 8423
4770 8423
6639 8423
7535 8423
2080 8431
4607 8431
6917 8431
8116 8431
1576 8461
5280 8461
6060 8461
7017 8461
361 8563
3042 8563
6382 8563
7921 8563
165 8597
213 8597
2983 8597
6984 8597
4294 8609
5167 8609
5584 8609
6404 8609
749 8627
3146 8627
6700 8627
7682 8627
1159 8663
2069 8663
3888 8663
8007 8663
2665 8689
2919 8689
3810 8689
8278 8689
1147 8731
5721 8731
7289 8731
7300 8731
1910 8803
2138 8803
5377 8803
5644 8803
1364 8807
2013 8807
2841 8807
2887 8807
