13 19
16 19
3 23
15 23
12 41
17 41
19 41
28 41
50 61
12 79
27 79
38 79
46 79
19 137
36 137
43 137
86 137
12 157
13 157
36 157
109 157
77 163
98 163
127 163
158 163
67 167
87 167
119 167
162 167
1 173
63 173
162 173
172 173
29 191
59 191
79 191
123 191
29 199
48 199
133 199
196 199
3 227
53 227
151 227
197 227
10 229
142 229
179 229
206 229
89 251
103 251
141 251
212 251
21 293
25 293
82 293
279 293
44 311
87 311
106 311
168 311
14 337
22 337
24 337
291 337
136 373
180 373
201 373
277 373
114 397
268 397
296 397
357 397
176 431
268 431
275 431
311 431
95 439
134 439
187 439
385 439
130 463
203 463
232 463
461 463
13 467
320 467
413 467
431 467
115 499
256 499
402 499
463 499
9 523
58 523
283 523
377 523
308 547
325 547
453 547
483 547
80 563
190 563
217 563
467 563
182 587
259 587
358 587
553 587
76 601
286 601
456 601
514 601
40 607
92 607
349 607
574 607
121 617
195 617
405 617
566 617
9 631
70 631
406 631
502 631
2 643
165 643
321 643
378 643
112 647
271 647
456 647
595 647
145 673
213 673
297 673
427 673
164 677
184 677
195 677
516 677
273 727
339 727
482 727
549 727
241 827
397 827
501 827
802 827
72 859
455 859
513 859
640 859
29 877
77 877
205 877
756 877
196 881
259 881
436 881
449 881
423 883
628 883
651 883
716 883
18 929
123 929
258 929
287 929
548 941
763 941
771 941
904 941
107 947
177 947
611 947
916 947
154 953
526 953
826 953
938 953
119 1009
313 1009
602 1009
764 1009
59 1019
308 1019
354 1019
829 1019
352 1061
425 1061
563 1061
1012 1061
10 1087
125 1087
200 1087
326 1087
98 1091
833 1091
924 1091
943 1091
19 1109
167 1109
425 1109
642 1109
677 1117
983 1117
1084 1117
1092 1117
484 1249
575 1249
921 1249
1169 1249
168 1303
284 1303
985 1303
1225 1303
141 1319
656 1319
754 1319
1029 1319
72 1373
150 1373
553 1373
1254 1373
228 1381
397 1381
487 1381
1169 1381
263 1423
423 1423
730 1423
1120 1423
811 1453
869 1453
1142 1453
1410 1453
42 1481
247 1481
811 1481
1475 1481
509 1489
668 1489
1090 1489
1293 1489
730 1499
928 1499
1230 1499
1478 1499
581 1553
892 1553
989 1553
1116 1553
1093 1567
1156 1567
1286 1567
1506 1567
310 1621
472 1621
685 1621
1281 1621
256 1663
692 1663
757 1663
825 1663
541 1667
1023 1667
1338 1667
1591 1667
519 1693
610 1693
1113 1693
1585 1693
109 1777
443 1777
1067 1777
1239 1777
34 1801
166 1801
792 1801
1748 1801
36 1831
356 1831
894 1831
1022 1831
489 1861
666 1861
1201 1861
1689 1861
269 1877
1089 1877
1322 1877
1563 1877
309 1879
827 1879
1658 1879
1862 1879
402 1907
714 1907
1333 1907
1696 1907
215 1913
432 1913
1130 1913
1882 1913
104 1933
539 1933
958 1933
1592 1933
325 1973
638 1973
1287 1973
1438 1973
523 1979
1366 1979
1397 1979
1962 1979
617 1997
964 1997
1013 1997
1573 1997
344 2011
1288 2011
1591 2011
1935 2011
205 2069
521 2069
545 2069
1517 2069
970 2081
1225 2081
1535 2081
1879 2081
37 2111
241 2111
473 2111
1084 2111
230 2113
983 2113
1209 2113
1344 2113
201 2131
1092 2131
1509 2131
1552 2131
530 2137
883 2137
1383 2137
1849 2137
54 2207
344 2207
940 2207
1636 2207
363 2273
670 2273
702 2273
735 2273
783 2297
786 2297
979 2297
1546 2297
139 2339
1702 2339
1851 2339
2104 2339
96 2341
317 2341
1764 2341
2199 2341
552 2351
1455 2351
1472 2351
1529 2351
1100 2357
1165 2357
1746 2357
2342 2357
1360 2383
1865 2383
2185 2383
2360 2383
168 2389
640 2389
1550 2389
1900 2389
116 2393
303 2393
1698 2393
1836 2393
141 2399
492 2399
1208 2399
1809 2399
138 2459
196 2459
882 2459
1670 2459
400 2503
429 2503
846 2503
1045 2503
639 2531
911 2531
979 2531
1652 2531
431 2549
1171 2549
1644 2549
2073 2549
1473 2557
1537 2557
2064 2557
2374 2557
88 2617
500 2617
1933 2617
2371 2617
624 2659
1615 2659
1695 2659
2077 2659
790 2699
1329 2699
1543 2699
1618 2699
18 2707
807 2707
1221 2707
1955 2707
139 2713
1021 2713
1093 2713
1403 2713
139 2719
802 2719
939 2719
1193 2719
1160 2749
1203 2749
1775 2749
2196 2749
14 2767
248 2767
1774 2767
2174 2767
193 2801
566 2801
635 2801
1041 2801
1065 2833
2293 2833
2406 2833
2488 2833
234 2861
648 2861
1444 2861
2649 2861
59 2897
491 2897
556 2897
2798 2897
440 2903
574 2903
2281 2903
2889 2903
30 3019
777 3019
1912 3019
2137 3019
1206 3037
1689 3037
2467 3037
2692 3037
45 3041
154 3041
1481 3041
1757 3041
683 3109
1270 3109
1392 3109
2602 3109
296 3167
1107 3167
1530 3167
1748 3167
85 3181
973 3181
1321 3181
2461 3181
585 3187
817 3187
888 3187
2282 3187
31 3229
1115 3229
1865 3229
2604 3229
338 3251
1260 3251
1563 3251
3199 3251
121 3299
631 3299
2039 3299
2372 3299
211 3343
1551 3343
1942 3343
2836 3343
294 3391
1188 3391
1838 3391
1987 3391
609 3463
1251 3463
1339 3463
1769 3463
439 3469
500 3469
895 3469
1936 3469
1101 3571
2402 3571
2734 3571
3078 3571
219 3593
525 3593
572 3593
2745 3593
169 3617
1419 3617
1862 3617
2368 3617
2162 3637
2496 3637
3457 3637
3586 3637
57 3643
1427 3643
2173 3643
2678 3643
960 3697
1174 3697
3190 3697
3516 3697
194 3733
1136 3733
1252 3733
3098 3733
774 3739
1802 3739
3102 3739
3425 3739
574 3803
1750 3803
1928 3803
3188 3803
929 3881
1082 3881
3396 3881
3873 3881
208 3889
617 3889
682 3889
1705 3889
1157 3907
1665 3907
2070 3907
2072 3907
204 3929
1214 3929
1369 3929
1483 3929
1107 3967
2659 3967
3324 3967
3603 3967
351 3989
1269 3989
1600 3989
3023 3989
27 4021
313 4021
1936 4021
2094 4021
177 4051
2448 4051
2632 4051
3725 4051
2139 4073
2563 4073
3061 4073
3747 4073
1440 4099
1607 4099
1762 4099
3923 4099
348 4133
1057 4133
2274 4133
2430 4133
739 4139
1379 4139
1389 4139
2071 4139
357 4159
1280 4159
3116 4159
3926 4159
99 4229
2264 4229
2562 4229
2613 4229
1966 4231
2136 4231
2632 4231
3199 4231
211 4289
340 4289
1057 4289
1375 4289
387 4357
3134 4357
3355 4357
4300 4357
701 4373
2252 4373
2640 4373
4103 4373
662 4441
1387 4441
2301 4441
3759 4441
2367 4481
2639 4481
4401 4481
4425 4481
154 4483
1298 4483
4072 4483
4221 4483
2756 4493
3060 4493
3253 4493
4214 4493
563 4517
1043 4517
2731 4517
3518 4517
1841 4519
2273 4519
3914 4519
4153 4519
1656 4597
3234 4597
3352 4597
4549 4597
1462 4603
2100 4603
2142 4603
4502 4603
3590 4621
3597 4621
3732 4621
3747 4621
337 4639
2805 4639
3758 4639
4596 4639
1433 4643
1608 4643
2362 4643
2873 4643
467 4679
521 4679
2852 4679
3483 4679
241 4691
885 4691
1887 4691
3309 4691
54 4723
516 4723
1137 4723
2810 4723
1670 4787
2074 4787
3049 4787
3821 4787
744 4789
869 4789
1783 4789
2017 4789
399 4817
1477 4817
1510 4817
4153 4817
121 4871
1072 4871
3301 4871
4612 4871
703 4909
1915 4909
2202 4909
2863 4909
1885 4937
2308 4937
2496 4937
3399 4937
1908 4969
2909 4969
3723 4969
4638 4969
1293 4987
2480 4987
3190 4987
3444 4987
1895 5003
3015 5003
3220 5003
3398 5003
47 5021
4023 5021
4211 5021
4380 5021
74 5081
1774 5081
4322 5081
4875 5081
895 5153
3209 5153
4599 5153
4963 5153
94 5167
1704 5167
1705 5167
1888 5167
256 5189
1496 5189
1932 5189
2858 5189
102 5233
2815 5233
4053 5233
5088 5233
2454 5261
2796 5261
3306 5261
4024 5261
916 5323
1948 5323
2544 5323
2923 5323
33 5387
2915 5387
3794 5387
4734 5387
1057 5393
1127 5393
2347 5393
4613 5393
209 5413
2330 5413
2897 5413
5154 5413
163 5527
702 5527
2577 5527
4968 5527
1616 5563
2063 5563
2977 5563
3260 5563
519 5639
961 5639
1332 5639
2336 5639
931 5647
1759 5647
2071 5647
2604 5647
1089 5659
1190 5659
1415 5659
5655 5659
394 5683
810 5683
1312 5683
2178 5683
3292 5689
3623 5689
4405 5689
5499 5689
524 5701
2795 5701
3133 5701
3710 5701
2527 5743
2859 5743
3145 5743
5701 5743
479 5807
4134 5807
5254 5807
5786 5807
958 5827
1797 5827
3408 5827
5237 5827
230 5851
692 5851
1043 5851
2359 5851
1032 5857
2431 5857
3732 5857
4773 5857
509 5903
835 5903
5223 5903
5495 5903
339 6011
2642 6011
3553 6011
5226 6011
1249 6101
2076 6101
2928 6101
3561 6101
544 6133
1770 6133
4999 6133
5219 6133
1590 6247
2380 6247
4680 6247
5473 6247
68 6257
92 6257
1090 6257
2830 6257
1469 6269
2163 6269
2313 6269
3049 6269
1159 6271
2644 6271
3043 6271
5968 6271
30 6317
2287 6317
4843 6317
5748 6317
211 6379
1693 6379
4737 6379
5839 6379
939 6389
940 6389
4683 6389
5382 6389
491 6397
2349 6397
5403 6397
5941 6397
564 6521
1584 6521
2446 6521
3911 6521
1261 6551
3006 6551
3169 6551
6235 6551
1978 6563
2452 6563
4039 6563
4371 6563
1652 6571
2083 6571
2959 6571
3019 6571
361 6577
583 6577
2859 6577
5061 6577
2766 6679
4296 6679
5363 6679
5869 6679
2415 6701
2944 6701
3318 6701
4433 6701
1391 6709
1577 6709
1740 6709
5209 6709
1342 6733
2680 6733
5855 6733
6223 6733
3981 6737
5170 6737
5516 6737
6715 6737
1311 6781
2414 6781
3795 6781
6631 6781
427 6803
1955 6803
4222 6803
6114 6803
537 6833
3067 6833
3656 6833
5217 6833
453 6857
1355 6857
1438 6857
5101 6857
876 6899
1334 6899
1898 6899
5190 6899
4356 6949
5388 6949
5802 6949
6811 6949
340 6977
1498 6977
5409 6977
6403 6977
1180 6991
1276 6991
2435 6991
4531 6991
1598 6997
3292 6997
4083 6997
5933 6997
740 7057
1967 7057
2222 7057
2741 7057
1983 7127
2251 7127
3382 7127
5088 7127
1910 7129
3990 7129
4825 7129
6012 7129
132 7283
1269 7283
6542 7283
6939 7283
1890 7307
2712 7307
6690 7307
6816 7307
173 7331
339 7331
445 7331
1911 7331
4481 7333
5072 7333
5870 7333
7213 7333
4 7459
2666 7459
3086 7459
5594 7459
423 7477
494 7477
893 7477
4366 7477
518 7537
1025 7537
3914 7537
5684 7537
1617 7549
3394 7549
5198 7549
5873 7549
220 7573
1891 7573
3339 7573
6732 7573
1011 7589
2478 7589
2920 7589
3819 7589
491 7603
2421 7603
3546 7603
4450 7603
1182 7639
4412 7639
4427 7639
6917 7639
2508 7649
4703 7649
4773 7649
6639 7649
652 7669
3117 7669
3765 7669
4469 7669
214 7691
1819 7691
4837 7691
6505 7691
1607 7717
3179 7717
5695 7717
7301 7717
435 7817
1814 7817
5072 7817
6613 7817
5112 7877
5320 7877
5333 7877
5468 7877
1726 7963
2115 7963
6521 7963
6602 7963
143 7993
1062 7993
3954 7993
5266 7993
445 8069
1435 8069
2103 8069
4787 8069
1647 8093
6505 8093
6559 8093
7808 8093
135 8111
3572 8111
5167 8111
7700 8111
875 8161
5110 8161
5279 8161
5767 8161
1119 8171
2490 8171
3566 8171
5969 8171
2191 8191
3732 8191
4217 8191
8022 8191
4557 8231
5043 8231
5211 8231
8092 8231
1494 8243
2378 8243
4274 8243
6189 8243
765 8311
3596 8311
5948 8311
5951 8311
537 8369
2416 8369
5435 8369
6530 8369
224 8389
566 8389
4402 8389
6479 8389
2649 8467
3110 8467
5682 8467
7333 8467
1382 8527
1524 8527
4034 8527
4923 8527
94 8537
999 8537
3221 8537
3480 8537
770 8573
1748 8573
3380 8573
6029 8573
980 8609
1836 8609
1945 8609
8339 8609
1072 8627
7361 8627
7489 8627
8458 8627
499 8663
4861 8663
5606 8663
6736 8663
2282 8669
3181 8669
6667 8669
6715 8669
144 8753
3031 8753
3951 8753
5432 8753
1090 8783
7308 8783
7389 8783
8652 8783
2210 8819
5119 8819
7139 8819
8154 8819
