1 5
2 7
3 11
5 11
10 11
2 13
27 31
30 37
31 41
35 41
39 41
1 43
38 47
44 53
3 59
8 59
42 59
31 61
46 67
56 67
60 67
33 73
44 73
59 73
68 79
20 89
21 89
59 89
85 97
6 109
8 127
41 127
61 127
25 131
31 131
106 131
16 149
87 151
147 157
55 163
97 163
98 163
87 167
34 173
37 173
47 173
78 179
66 191
142 197
126 199
144 199
168 199
89 227
121 227
172 227
110 229
132 233
30 239
14 251
145 257
94 269
136 269
163 269
47 271
182 277
123 281
52 283
69 331
199 337
199 347
252 347
326 347
313 349
163 353
19 383
46 397
316 397
380 397
257 401
294 401
347 401
42 409
416 419
40 421
241 421
272 421
307 431
398 439
110 443
99 449
41 457
131 463
350 467
384 479
225 491
245 503
275 503
383 503
98 509
81 521
456 523
505 547
58 557
195 569
309 571
67 577
378 587
318 593
557 593
585 593
25 599
226 601
463 607
384 613
239 617
114 619
379 641
207 643
566 647
10 653
147 661
371 661
424 661
165 673
66 683
202 683
503 683
492 701
5 709
483 709
680 709
38 727
246 727
429 727
417 751
463 751
691 751
720 761
114 773
671 787
165 809
740 823
340 829
261 839
622 853
140 857
466 859
190 863
392 863
680 863
212 881
878 883
592 907
858 937
913 937
918 937
133 947
316 947
515 947
83 967
134 977
803 977
926 977
258 983
19 997
228 997
731 997
571 1009
304 1013
480 1019
56 1021
475 1021
584 1021
412 1031
758 1031
796 1031
349 1033
579 1039
4 1049
505 1049
792 1049
331 1051
27 1061
268 1061
903 1061
490 1091
637 1091
711 1091
336 1097
702 1097
932 1097
505 1103
908 1123
1050 1129
848 1151
731 1163
783 1163
833 1163
35 1171
685 1171
689 1171
80 1187
464 1229
617 1229
853 1229
265 1231
118 1237
20 1249
717 1259
841 1277
142 1279
1223 1283
286 1289
801 1303
496 1319
210 1327
898 1327
1226 1327
925 1361
319 1381
213 1399
230 1429
57 1439
207 1439
1361 1439
501 1451
759 1453
356 1471
548 1471
1193 1471
549 1481
479 1483
402 1487
421 1489
991 1489
1207 1489
1387 1499
544 1511
395 1523
814 1531
380 1543
553 1549
34 1559
636 1567
643 1583
329 1609
314 1613
824 1613
1042 1613
191 1619
1499 1627
69 1637
1337 1637
1534 1637
700 1663
702 1663
784 1663
251 1669
1612 1669
1629 1669
1363 1693
425 1697
507 1699
1284 1699
1575 1699
618 1709
634 1721
813 1721
879 1721
59 1723
400 1723
1423 1723
1378 1733
514 1741
905 1759
867 1777
123 1787
162 1787
1336 1787
466 1789
1052 1831
246 1847
1103 1847
1763 1847
454 1871
1412 1873
1824 1877
212 1901
1668 1907
1577 1913
608 1931
1622 1949
1312 1973
1922 1979
