2 3
4 7
1 11
2 13
1 17
6 17
18 19
2 23
10 23
10 29
8 31
5 47
38 53
43 53
50 53
9 61
14 67
46 71
52 79
28 97
33 97
63 97
9 103
26 103
43 103
74 107
14 113
38 127
52 157
93 157
111 157
60 163
172 181
189 191
38 193
128 197
79 211
39 223
86 223
210 223
64 227
184 229
196 233
125 239
219 263
256 271
98 277
194 281
261 293
24 313
146 317
150 317
245 317
6 347
17 347
343 347
12 359
155 373
336 373
362 373
33 383
239 389
320 389
325 389
384 419
271 431
8 433
406 439
182 457
378 457
386 457
230 461
112 463
237 463
388 463
49 479
289 491
380 503
176 521
23 523
240 523
365 523
390 541
470 547
445 563
382 577
537 587
465 593
62 613
509 617
297 619
374 619
530 619
73 631
100 641
397 643
185 659
97 661
645 677
604 691
312 709
65 733
74 743
264 751
151 757
476 761
521 761
568 761
776 797
681 809
4 811
576 811
606 811
299 827
314 829
505 853
56 857
3 863
345 863
714 863
781 877
84 881
60 887
278 907
848 911
481 919
839 937
903 947
221 967
882 967
942 967
539 977
802 983
508 991
555 991
645 991
179 1009
472 1013
616 1019
43 1031
476 1031
481 1031
156 1039
423 1039
489 1039
265 1061
24 1063
327 1069
314 1087
469 1091
924 1091
946 1091
134 1097
807 1097
1077 1097
209 1103
205 1117
221 1117
528 1117
936 1123
545 1129
617 1153
256 1163
265 1163
860 1163
298 1171
220 1181
463 1181
514 1181
312 1187
595 1187
967 1187
966 1201
1091 1213
640 1223
251 1229
515 1229
640 1229
310 1231
28 1249
454 1249
965 1249
153 1259
205 1259
316 1259
749 1277
748 1279
15 1283
195 1283
700 1283
782 1291
522 1297
47 1301
86 1303
331 1327
346 1327
1322 1327
1332 1367
319 1373
241 1381
515 1381
784 1381
25 1399
278 1399
588 1399
919 1409
138 1423
854 1427
1360 1439
1134 1451
1354 1459
951 1471
483 1483
500 1489
561 1493
1305 1511
567 1523
687 1523
1217 1523
830 1531
899 1531
1110 1531
785 1553
941 1559
493 1567
1277 1571
306 1579
176 1583
107 1597
156 1597
1032 1597
323 1609
1456 1613
386 1619
1007 1619
1445 1619
1535 1621
1287 1627
727 1657
1273 1657
1505 1657
1146 1663
463 1667
454 1693
701 1699
1197 1721
802 1733
706 1741
1065 1747
65 1753
614 1753
1581 1753
878 1787
511 1789
1040 1801
1376 1811
621 1823
972 1823
1682 1823
1804 1831
259 1847
1006 1847
1491 1847
974 1861
850 1867
367 1871
1396 1877
47 1879
1378 1879
1406 1879
355 1889
1555 1889
1730 1889
820 1901
1123 1907
1479 1907
1736 1907
381 1931
1866 1933
1283 1949
498 1951
1225 1973
100 1979
100 1979
1238 1987
1770 1987
1800 1987
1196 1993
1356 1999
352 2003
507 2003
1259 2003
483 2011
680 2017
861 2017
1498 2017
786 2027
769 2029
874 2029
973 2029
1192 2039
112 2053
1442 2053
1450 2053
1268 2069
1845 2089
556 2099
553 2111
516 2113
1908 2113
1954 2113
1631 2129
830 2137
1302 2137
2017 2137
376 2203
1083 2207
1777 2213
1922 2213
2105 2213
1277 2221
730 2237
1558 2239
247 2243
1256 2251
791 2269
1655 2269
2058 2269
387 2281
519 2281
1440 2281
582 2293
167 2297
906 2309
418 2333
1081 2333
1171 2333
928 2339
1447 2347
1558 2347
1960 2347
742 2351
917 2351
2156 2351
1531 2371
151 2377
670 2377
797 2377
1761 2381
1309 2393
319 2411
640 2411
1381 2411
1109 2417
1345 2423
1716 2423
1819 2423
697 2437
153 2441
611 2441
1499 2441
2108 2447
646 2467
233 2503
1570 2503
2295 2503
328 2521
1484 2531
70 2543
202 2543
206 2543
1282 2549
1269 2551
1278 2551
2406 2551
1574 2557
953 2591
1142 2591
1321 2591
213 2609
321 2609
2452 2609
187 2621
697 2633
1016 2633
1186 2633
1052 2647
1121 2647
2391 2647
216 2659
1405 2659
1692 2659
1989 2671
2441 2671
2498 2671
1952 2677
2443 2683
1233 2687
809 2689
2037 2693
753 2699
2125 2699
2558 2699
748 2707
230 2711
1143 2711
2437 2711
995 2713
1454 2719
1618 2729
1921 2753
212 2767
540 2767
2455 2767
2473 2777
1856 2791
1485 2833
881 2837
355 2851
2175 2879
1062 2897
377 2903
2815 2909
2494 2917
470 2927
213 2953
1791 2953
2189 2953
1115 2957
2622 2957
2733 2957
760 2963
1811 2969
2092 2969
2206 2969
2704 2971
486 2999
2359 2999
2413 2999
67 3011
975 3011
2797 3011
2277 3019
2025 3023
229 3037
454 3061
2042 3061
2782 3061
2728 3067
1253 3079
2209 3109
3014 3121
2067 3137
476 3169
930 3169
2956 3169
831 3187
2298 3203
1210 3217
1463 3229
1684 3251
1184 3259
1895 3271
784 3307
2170 3313
1670 3319
97 3323
1134 3323
2428 3323
1829 3329
3307 3331
165 3343
1018 3371
2733 3373
288 3389
607 3407
639 3407
1913 3407
2571 3413
966 3449
832 3457
1437 3457
1738 3457
2074 3461
2588 3461
2610 3461
3413 3467
2830 3469
428 3491
2222 3491
3319 3491
1847 3517
1920 3517
3062 3517
2127 3533
3493 3533
1976 3539
1212 3557
816 3559
1730 3559
1734 3559
131 3607
834 3631
1203 3631
1856 3631
211 3637
2059 3637
3527 3637
2517 3643
364 3659
713 3659
2793 3659
389 3671
1777 3671
3632 3671
428 3673
2224 3673
2883 3673
273 3677
2226 3677
2669 3677
1246 3691
1246 3691
50 3697
2109 3697
2287 3697
1563 3701
1198 3719
965 3761
1478 3761
2189 3761
1192 3767
1628 3767
3621 3767
1375 3769
1784 3793
1706 3797
870 3821
1863 3823
516 3833
1101 3833
3437 3833
845 3853
2914 3881
1002 3907
1289 3907
1898 3907
3793 3911
1148 3917
1268 3917
3430 3917
1300 3919
1658 3919
2607 3919
2650 3923
3615 3931
2774 3943
1900 3947
2928 3967
2588 4001
3892 4007
2379 4013
1526 4019
1542 4019
3105 4019
2856 4021
3734 4021
4015 4021
2995 4027
2758 4049
3532 4049
3626 4049
815 4051
3259 4057
3704 4079
26 4093
3303 4111
4054 4129
4020 4133
2875 4139
3789 4159
1023 4201
1352 4201
1764 4201
2364 4211
2681 4211
3620 4211
2387 4217
2385 4219
708 4229
923 4231
1569 4231
4068 4231
202 4243
1397 4253
1822 4253
2204 4253
698 4259
2499 4261
3875 4271
552 4283
2112 4327
2286 4327
2499 4327
45 4339
649 4339
3581 4339
4099 4349
3551 4357
4157 4363
3071 4373
4148 4397
518 4409
2369 4421
2823 4441
3343 4447
1444 4481
3602 4481
3785 4481
1683 4493
2905 4493
4462 4493
2227 4513
3573 4517
484 4523
979 4547
900 4549
1792 4549
3570 4549
4186 4561
2307 4567
586 4591
4488 4597
41 4639
2953 4639
3997 4639
1198 4643
1902 4643
3426 4643
2192 4649
744 4651
2356 4657
3470 4673
3470 4679
432 4691
3748 4703
3640 4723
4480 4729
2349 4733
3935 4751
3261 4759
1447 4783
2272 4789
3108 4801
2786 4813
11 4817
3641 4831
1191 4861
3391 4861
3589 4861
1706 4877
3434 4909
1459 4919
2226 4919
3229 4919
1964 4931
351 4933
1353 4937
3099 4951
2447 4957
3480 4957
3483 4957
204 4969
1366 4973
2750 4973
3955 4973
4315 4987
1834 4993
2395 4993
4381 4993
4113 4999
4400 4999
4889 4999
184 5009
966 5011
1363 5011
3044 5011
900 5021
1818 5021
4776 5021
4987 5023
1137 5051
1989 5059
888 5077
2315 5087
1143 5099
3847 5099
4394 5099
1691 5101
333 5119
4062 5119
5100 5119
5137 5153
1321 5167
2655 5171
2090 5179
3406 5189
2164 5197
2658 5197
3236 5197
653 5209
1111 5227
2229 5231
4071 5233
1818 5237
895 5261
1056 5273
1809 5297
2792 5297
3305 5297
2206 5303
541 5309
5243 5333
4145 5381
2700 5387
2805 5387
3238 5387
393 5393
2278 5393
3268 5393
2928 5407
2786 5419
2006 5431
2582 5441
1966 5443
3384 5449
1664 5471
1108 5477
3261 5483
3741 5501
5048 5503
3217 5519
867 5521
3701 5527
1534 5531
1535 5531
3022 5531
5199 5557
1436 5569
2183 5569
5258 5569
2831 5573
2447 5581
4071 5591
2568 5623
3125 5639
3974 5647
114 5651
855 5651
3780 5651
144 5653
5266 5657
1097 5659
5367 5659
5509 5659
3089 5689
1557 5717
2553 5737
3108 5737
4731 5737
139 5741
4400 5741
4529 5741
3869 5743
1819 5749
4835 5779
4003 5783
1268 5791
2702 5791
4002 5791
729 5801
4207 5801
4479 5801
2797 5821
1889 5839
2010 5843
1728 5849
1828 5851
2837 5851
3644 5851
5521 5869
451 5897
1298 5903
2406 5903
4080 5903
824 5939
1043 5953
411 5987
2127 5987
3132 6007
4010 6007
5045 6007
2363 6037
3980 6043
4616 6047
173 6053
3656 6067
888 6073
3144 6079
114 6089
890 6091
3985 6091
5099 6091
1686 6101
4313 6101
4964 6101
1020 6113
1402 6113
1918 6113
3866 6121
5046 6151
878 6173
2069 6197
183 6199
325 6203
5753 6211
3300 6217
4323 6217
5801 6217
3670 6221
4676 6229
5622 6229
6131 6229
5781 6247
6003 6263
5744 6269
5587 6271
1908 6287
2309 6299
5134 6301
459 6317
1705 6317
6166 6317
2957 6329
2487 6337
4526 6337
5017 6337
1392 6353
2743 6353
6176 6353
2786 6359
555 6361
793 6361
4090 6361
2626 6373
4014 6379
385 6389
1425 6397
3651 6397
5121 6397
2654 6421
3521 6427
2939 6451
2440 6473
3497 6481
1608 6491
3650 6491
5277 6491
2018 6521
2877 6521
3137 6521
1226 6547
2644 6551
4310 6551
5957 6551
1383 6569
3773 6571
4719 6577
937 6581
1419 6581
3747 6581
6600 6607
4745 6619
6457 6637
736 6653
1546 6653
3020 6653
215 6659
1216 6661
809 6679
4004 6679
4672 6679
4875 6703
6257 6709
5810 6719
1406 6733
387 6737
2961 6737
5243 6737
923 6761
1622 6761
3431 6761
4420 6781
5801 6803
5293 6823
1713 6829
2243 6829
2476 6829
2611 6833
5585 6833
5865 6833
2366 6841
1586 6857
2735 6871
4890 6883
324 6899
2055 6899
3719 6899
4509 6907
623 6911
1575 6911
5413 6911
2698 6917
3562 6917
4365 6917
4627 6961
132 6967
5697 6971
1662 6977
539 6983
4797 6983
5694 6983
679 7001
2532 7039
3264 7043
3773 7043
4394 7043
1138 7057
5512 7069
6215 7079
3565 7103
79 7109
6217 7127
6752 7129
2212 7151
1071 7159
1561 7177
3493 7187
5134 7187
6475 7187
2864 7193
3779 7193
4406 7193
1843 7213
561 7229
4264 7229
5965 7229
909 7237
2284 7243
5656 7243
6125 7243
4936 7247
422 7253
4522 7283
1131 7297
3904 7321
2627 7331
863 7333
6174 7349
1579 7369
3253 7369
5633 7369
2118 7393
4875 7393
6399 7393
4661 7411
4949 7411
7359 7411
3276 7433
2988 7451
4076 7457
712 7477
4913 7477
7269 7477
2258 7489
2772 7499
273 7517
1011 7517
6014 7517
4182 7537
1154 7549
6787 7561
5208 7573
2381 7583
4128 7583
7447 7583
7454 7589
117 7591
171 7591
591 7591
7268 7603
4014 7607
2478 7639
474 7643
4202 7643
6732 7643
2329 7669
420 7687
4732 7687
4762 7687
226 7699
5172 7703
5867 7703
6487 7703
7456 7723
2470 7741
1718 7753
853 7757
526 7759
5135 7789
2298 7817
978 7823
6658 7823
7442 7823
955 7841
6301 7853
