1 2
2 3
1 5
6 11
14 17
17 19
11 23
9 29
11 29
22 29
27 29
27 31
29 37
34 37
13 41
14 47
26 53
21 59
5 61
7 71
45 73
63 79
53 83
79 101
64 103
34 107
17 109
6 113
76 127
107 137
123 139
94 149
122 157
34 167
20 179
134 181
154 191
124 193
18 197
68 199
164 229
196 233
60 239
42 257
89 257
148 257
180 257
136 269
30 281
233 293
55 307
183 307
255 307
267 307
73 311
33 313
87 313
128 313
286 313
69 317
167 317
281 317
292 317
117 337
162 347
344 349
158 353
156 359
329 373
244 379
287 383
286 397
134 401
9 409
181 419
147 439
25 443
84 449
227 457
306 461
271 463
408 467
4 479
176 487
73 491
103 491
278 491
419 491
252 499
177 503
64 521
189 521
313 521
320 521
498 523
462 541
462 541
112 547
217 547
219 547
382 547
72 557
60 563
73 569
293 571
554 577
129 587
319 593
75 599
226 599
345 599
372 599
163 601
130 613
328 617
397 619
346 631
439 641
274 653
627 659
210 673
214 677
565 683
88 701
308 709
173 727
588 733
501 739
290 743
39 751
138 757
460 787
246 797
39 811
800 821
129 823
198 827
601 829
103 839
81 853
439 857
225 859
741 877
519 881
228 883
533 887
233 907
385 907
432 907
559 907
542 919
637 929
784 937
136 941
894 953
99 967
209 971
211 971
276 971
354 971
553 977
686 983
168 991
565 997
483 1013
462 1019
20 1021
799 1031
384 1049
714 1051
1031 1061
47 1069
137 1087
1030 1091
434 1093
1018 1097
459 1109
550 1129
879 1153
60 1163
288 1171
576 1181
1022 1193
442 1201
343 1213
1071 1217
1006 1229
1021 1249
281 1259
358 1259
376 1259
442 1259
542 1277
670 1277
730 1277
911 1277
655 1321
432 1361
1196 1373
1016 1399
400 1409
80 1423
241 1423
945 1423
1037 1423
413 1427
121 1433
1068 1447
967 1451
1111 1453
552 1459
464 1471
1016 1481
942 1483
228 1487
328 1487
389 1487
1347 1487
869 1493
47 1499
1164 1523
1199 1531
1335 1543
13 1549
633 1559
1144 1567
1414 1571
1158 1579
299 1597
993 1597
1009 1597
1143 1597
78 1601
753 1607
1228 1609
1054 1613
27 1621
523 1621
1292 1621
1529 1621
162 1627
426 1637
339 1657
1327 1663
1241 1667
1222 1693
664 1699
1597 1709
557 1721
503 1723
1061 1733
1540 1747
342 1753
1613 1783
298 1787
146 1789
1211 1789
1394 1789
1657 1789
119 1801
129 1801
964 1801
1286 1801
359 1811
656 1811
1091 1811
1381 1811
1176 1823
56 1847
481 1873
1283 1877
1746 1877
1763 1877
1854 1877
1309 1879
604 1889
1297 1901
590 1907
617 1913
413 1931
1873 1933
1097 1949
1276 1951
930 1973
1910 1979
1292 1993
722 1997
1780 1999
1780 1999
325 2003
231 2011
187 2017
372 2027
1321 2039
1469 2053
746 2063
1118 2063
1182 2063
1243 2063
235 2083
