1 2
1 2
1 3
2 3
1 5
3 7
6 7
2 13
6 19
29 31
16 37
23 37
34 37
28 41
24 53
32 59
11 67
32 67
53 67
21 71
55 73
25 79
40 79
53 79
68 83
27 97
21 101
76 107
35 109
74 109
91 109
27 113
38 131
85 149
115 149
129 149
5 151
16 151
34 151
32 173
37 173
75 173
38 179
111 179
151 179
144 191
56 193
69 197
13 199
114 199
194 199
127 229
83 241
122 251
145 251
17 257
35 257
7 281
101 293
50 307
218 307
246 307
12 311
152 313
31 317
24 331
12 337
111 347
146 353
198 353
280 353
273 367
252 379
37 383
296 383
332 383
57 389
41 397
110 397
377 397
10 409
369 419
175 433
232 433
250 433
226 439
339 457
42 479
444 491
438 499
299 509
45 523
240 541
220 547
148 557
271 563
229 569
274 569
289 569
402 587
413 587
534 587
308 593
380 593
508 593
242 599
109 601
404 613
283 617
364 617
366 617
577 631
127 641
218 647
333 659
438 661
518 673
569 677
219 683
358 691
366 691
432 691
576 727
457 733
384 751
524 757
496 761
594 761
730 761
737 769
46 773
489 773
589 773
458 797
592 809
593 821
629 823
28 857
55 857
681 857
515 859
130 863
852 877
314 881
389 881
633 881
778 887
556 929
659 937
766 947
934 953
859 977
61 997
283 997
607 997
810 1009
481 1013
508 1013
737 1013
130 1019
552 1033
634 1033
1026 1033
1018 1039
70 1051
425 1061
223 1069
237 1069
426 1069
364 1087
679 1087
843 1087
760 1093
669 1097
19 1103
218 1109
500 1109
617 1109
294 1123
622 1129
987 1151
1044 1151
1117 1151
820 1171
386 1181
112 1187
407 1187
576 1187
529 1193
539 1193
890 1193
371 1213
688 1213
856 1213
1121 1217
4 1229
638 1229
991 1229
639 1249
1270 1279
849 1283
154 1289
479 1289
838 1289
162 1301
502 1307
948 1307
1226 1307
490 1321
1123 1327
774 1361
1346 1373
709 1399
1311 1409
109 1427
732 1427
832 1427
770 1429
1057 1429
1322 1429
264 1439
361 1447
509 1451
759 1451
1340 1451
596 1453
820 1453
1241 1453
453 1459
551 1459
1436 1459
680 1471
873 1471
999 1471
499 1483
651 1483
774 1483
100 1487
267 1489
188 1499
364 1531
1392 1553
398 1559
622 1571
1072 1571
1326 1571
648 1579
170 1583
929 1597
1239 1601
1045 1609
173 1613
944 1613
1026 1613
149 1619
441 1619
1308 1619
219 1657
568 1663
1429 1669
1021 1693
1343 1709
1248 1723
110 1733
684 1733
1725 1733
532 1747
552 1747
964 1747
409 1759
639 1759
1124 1759
1565 1777
885 1783
1173 1783
1258 1783
961 1787
1735 1801
658 1823
1076 1867
744 1871
947 1873
1002 1873
1827 1873
379 1877
425 1907
1217 1907
1547 1907
1731 1913
1450 1931
999 1933
342 1949
1260 1979
1260 1979
15 1987
1349 1993
1491 1997
733 1999
679 2003
1171 2011
1644 2017
1819 2039
1967 2053
522 2063
807 2063
1734 2063
728 2069
1829 2069
2002 2069
1201 2081
1443 2083
585 2087
2043 2099
409 2113
289 2129
173 2131
800 2131
1525 2131
759 2137
420 2143
1296 2153
510 2179
1950 2207
1619 2213
1668 2221
1443 2237
642 2239
1600 2243
1365 2267
2007 2269
185 2273
186 2273
1370 2273
2158 2281
441 2287
789 2293
1267 2293
1850 2293
70 2297
470 2309
129 2339
2153 2341
727 2351
779 2357
1163 2371
1675 2381
2153 2383
1620 2399
241 2411
1996 2411
2096 2411
1226 2437
1849 2441
363 2467
686 2467
1226 2467
2338 2473
76 2477
1700 2503
1544 2521
1543 2543
2223 2549
1847 2557
500 2579
569 2579
1954 2579
1025 2591
857 2593
1842 2617
168 2657
2076 2657
2448 2657
202 2659
2068 2663
906 2671
924 2677
1930 2687
2661 2689
1650 2693
1610 2699
2204 2707
149 2711
2201 2713
920 2731
1724 2741
374 2749
422 2767
2337 2789
918 2791
2482 2791
2488 2791
371 2801
1465 2801
2410 2801
999 2803
412 2833
2185 2837
908 2857
318 2861
515 2861
1537 2861
1829 2879
1814 2897
878 2903
132 2909
1439 2957
457 2963
1002 2963
2014 2963
379 2969
2339 2969
2896 2969
967 3019
142 3023
299 3037
904 3037
2072 3037
2585 3049
2196 3067
481 3079
1764 3079
2711 3079
1773 3083
2121 3089
97 3109
882 3119
2279 3119
3029 3119
1855 3121
2430 3167
2117 3169
1057 3187
2900 3191
980 3203
521 3209
2414 3221
1025 3229
780 3251
1733 3251
2923 3251
2370 3253
860 3257
1074 3271
1459 3299
2840 3301
1387 3307
1695 3307
2861 3307
932 3319
645 3331
1208 3331
2884 3331
1296 3343
1323 3343
2344 3343
585 3347
1501 3347
1837 3347
2995 3359
2639 3371
2534 3373
772 3389
1846 3391
1966 3391
2070 3391
1887 3407
1350 3413
2872 3413
3298 3413
2912 3457
361 3461
1677 3461
2992 3461
1638 3463
1838 3463
2098 3463
1436 3469
190 3499
1227 3499
1372 3499
2155 3517
3234 3527
961 3529
342 3533
1538 3533
2813 3533
2329 3539
523 3541
237 3547
2592 3557
3431 3581
1413 3583
492 3607
2107 3607
2305 3607
1423 3613
1423 3613
1348 3617
1016 3623
1157 3623
1847 3623
1016 3623
1157 3623
1847 3623
3303 3637
2043 3643
2322 3659
2372 3671
1108 3673
1045 3677
1405 3677
1515 3677
1442 3691
2106 3691
3085 3691
221 3697
1309 3709
1810 3719
263 3733
1513 3733
2716 3733
57 3761
2258 3793
2746 3797
3427 3803
3749 3821
56 3833
277 3847
2798 3851
808 3853
1132 3863
2459 3877
2351 3881
1804 3911
2168 3911
2323 3911
873 3917
3580 3919
3281 3923
1739 3943
2773 3947
2491 3967
1567 3989
1558 4001
2617 4001
2890 4001
832 4003
1325 4007
3459 4007
3669 4007
867 4013
2527 4013
3943 4013
2548 4051
1314 4057
1788 4079
1900 4093
2588 4111
2049 4129
2275 4133
2540 4133
3258 4133
517 4153
1183 4153
4076 4153
3470 4201
3910 4211
1901 4217
1609 4219
2302 4231
3670 4243
1908 4253
2642 4259
3534 4271
731 4273
1881 4283
1825 4289
1333 4327
1730 4327
1738 4327
119 4349
4096 4357
2306 4391
816 4397
689 4409
677 4421
2702 4441
439 4447
3346 4483
3432 4483
4080 4483
2893 4493
1490 4513
2655 4513
3824 4513
939 4517
2060 4519
2904 4567
4321 4583
1789 4591
3429 4597
1570 4621
2030 4639
2914 4643
508 4649
2517 4657
433 4673
1890 4673
3592 4673
3137 4679
1407 4721
1615 4729
3347 4733
4521 4751
1180 4759
3755 4783
529 4789
106 4793
201 4793
1566 4793
187 4801
4361 4813
3048 4831
3246 4861
485 4871
2905 4871
4450 4871
3578 4877
1389 4889
2992 4889
4863 4889
4303 4903
1061 4919
2867 4933
3977 4937
3629 4943
1343 4951
1479 4967
3996 4969
4289 4973
1987 4987
3457 4999
2623 5003
4039 5051
522 5059
469 5081
4649 5087
510 5099
71 5107
1249 5107
2112 5107
1200 5119
1231 5147
530 5153
735 5153
2681 5153
4211 5167
3514 5171
2144 5179
3832 5189
752 5209
4119 5261
4136 5297
5266 5303
3757 5333
146 5347
575 5347
4209 5347
204 5387
920 5393
1371 5393
3187 5393
3245 5399
4605 5399
4889 5399
1084 5407
2416 5419
3227 5437
2896 5443
9 5449
85 5449
673 5449
2951 5471
264 5477
829 5477
4128 5477
5106 5483
3647 5501
994 5503
673 5519
59 5521
2629 5521
2920 5521
4653 5527
1104 5531
1763 5563
2988 5563
3855 5563
2848 5573
5063 5581
4077 5591
4456 5639
1991 5641
3114 5651
1283 5659
789 5669
1598 5669
3017 5669
4598 5683
77 5689
3269 5689
4566 5689
977 5693
4083 5717
606 5743
1326 5783
3156 5783
3380 5783
2279 5791
383 5801
3076 5807
3088 5807
5360 5807
3482 5813
247 5821
2566 5843
5092 5857
5378 5857
5729 5857
3646 5861
5603 5867
2498 5879
3332 5879
5102 5879
5469 5897
1149 5927
1913 5927
3514 5927
709 5953
4420 6011
1498 6029
982 6047
2407 6047
4076 6047
717 6053
5213 6053
5893 6053
4919 6067
5322 6091
792 6121
2884 6133
5392 6143
2071 6151
3366 6151
4463 6151
3499 6163
5590 6173
1355 6197
6025 6203
1229 6217
1983 6221
2748 6229
2385 6263
606 6271
1594 6277
991 6299
2013 6299
3591 6299
2607 6301
6203 6311
2425 6317
2879 6317
6245 6317
1988 6323
3646 6323
4938 6323
517 6329
4896 6337
6127 6343
2081 6359
4219 6361
4290 6379
4469 6421
5793 6451
4807 6469
5374 6469
5689 6469
1122 6473
4113 6481
4719 6491
6172 6521
5711 6529
157 6551
2831 6563
3772 6569
619 6571
5407 6577
6036 6581
4532 6599
433 6607
4229 6607
5146 6607
2328 6619
3025 6653
2493 6679
3275 6689
142 6701
985 6701
4423 6701
2670 6703
52 6709
1564 6719
1645 6719
1726 6719
4356 6733
5479 6733
5841 6733
4786 6737
1886 6761
4722 6781
2349 6791
1533 6793
1181 6803
2184 6827
4010 6829
6057 6833
5179 6863
6194 6869
247 6883
1560 6899
3651 6899
6324 6899
270 6907
820 6907
2688 6907
727 6911
1249 6917
5339 6947
968 6949
4831 6959
2078 6961
2936 6961
5537 6961
4090 6967
1850 6971
4153 6971
4781 6971
5626 6983
5712 6983
6884 6983
2441 6991
1429 6997
2862 7001
5142 7001
5233 7001
4095 7039
5613 7043
1605 7057
1821 7069
2398 7069
3403 7069
1261 7079
6142 7103
2379 7109
2656 7109
5296 7109
436 7127
855 7129
3810 7151
4307 7151
6074 7151
1376 7159
4935 7159
7001 7159
4176 7177
275 7187
7049 7193
3327 7213
3804 7213
6056 7213
186 7219
2522 7229
6849 7243
1494 7247
2970 7247
6294 7247
928 7253
6229 7283
3264 7297
3327 7309
2585 7321
377 7331
5746 7333
1426 7349
6414 7417
493 7433
3107 7451
4051 7459
4315 7477
3535 7487
2580 7489
3018 7489
3881 7489
496 7507
4006 7517
4357 7523
5849 7529
1953 7537
1261 7549
2292 7561
6389 7577
4428 7583
7480 7591
262 7603
3238 7607
3436 7607
7471 7607
1919 7621
2018 7669
4167 7669
6877 7669
1194 7673
6628 7681
5513 7687
6495 7691
4509 7699
4666 7703
5436 7717
6599 7723
2486 7727
6334 7727
6514 7727
4192 7741
4476 7753
4514 7753
7607 7753
432 7757
2946 7757
6925 7757
2406 7789
4349 7789
7485 7789
449 7817
1964 7829
4018 7841
4368 7841
5459 7841
2925 7853
2288 7867
1897 7877
1660 7879
4315 7901
5021 7901
7084 7901
6160 7919
2394 7927
1854 7949
4339 7949
4365 7949
1378 7951
4603 7951
5822 7951
1378 7951
4603 7951
5822 7951
3585 7963
5740 8011
6307 8011
6354 8011
952 8017
1177 8039
2370 8039
5372 8039
2727 8059
4761 8059
4979 8059
840 8087
2155 8087
7999 8087
1925 8089
3632 8093
1809 8123
4571 8147
5131 8161
2469 8167
1975 8171
314 8219
4203 8263
374 8269
1026 8291
4339 8293
4339 8293
531 8311
583 8329
5976 8353
7385 8377
2399 8387
6587 8389
1186 8423
220 8447
1850 8447
4134 8447
1574 8461
2464 8501
3598 8527
3263 8537
4799 8537
8079 8537
5993 8539
50 8563
593 8563
5111 8563
5020 8597
3046 8599
784 8609
2169 8609
3639 8609
1379 8629
4451 8641
4837 8647
3476 8663
2092 8669
8385 8677
1071 8681
2017 8689
4073 8689
7080 8689
645 8699
6175 8699
6637 8699
8130 8707
2012 8713
3917 8731
2384 8737
8428 8741
3173 8779
5516 8783
1199 8803
1597 8803
5320 8803
1132 8807
3808 8807
4831 8807
5373 8819
3905 8821
6558 8831
2690 8839
6163 8849
4215 8861
1680 8863
4175 8863
5086 8863
6823 8867
998 8887
2704 8887
3936 8887
5788 8923
5876 8923
6601 8923
5871 8929
6318 8941
7009 8951
2787 8963
3848 8999
3150 9001
1297 9007
3425 9007
4145 9007
1617 9011
1799 9011
2639 9011
1924 9013
2838 9029
8502 9041
1879 9043
2936 9043
5783 9043
6783 9059
483 9067
1308 9067
5435 9067
1548 9091
307 9103
1322 9103
2781 9103
144 9133
1094 9151
2862 9161
4319 9173
5155 9181
6950 9181
6975 9181
5036 9187
1231 9199
3314 9199
4511 9199
926 9203
2085 9209
4239 9209
6483 9209
1146 9221
5727 9221
6527 9221
775 9227
2294 9227
8898 9227
4110 9239
1347 9241
7848 9241
8277 9241
8101 9257
6747 9281
6758 9281
7523 9281
803 9283
2808 9293
8971 9319
1179 9323
4382 9337
4227 9341
4358 9343
8820 9371
9064 9377
3687 9391
202 9413
5295 9413
8182 9413
7449 9419
2938 9421
3563 9421
6012 9421
8811 9439
8365 9479
397 9491
1268 9491
9458 9491
4130 9511
7687 9511
8246 9511
3831 9521
1106 9533
4699 9533
9240 9533
7631 9619
2493 9623
5291 9623
5298 9623
6222 9629
1974 9631
2170 9649
3150 9649
9305 9649
75 9661
712 9677
2140 9679
4950 9689
4028 9719
4304 9721
42 9733
4463 9733
9639 9733
3073 9739
2680 9791
3760 9811
1842 9817
2932 9817
3970 9817
7686 9833
4675 9851
7923 9859
1028 9871
4579 9871
9046 9871
2206 9883
5879 9887
9223 9901
436 9907
1352 9907
4869 9907
548 9923
996 9923
2643 9923
8135 9929
7059 9931
8513 9967
8974 10007
6838 10009
3437 10037
5163 10037
8495 10037
6075 10039
6175 10067
2039 10079
9306 10091
92 10093
8584 10093
9776 10093
654 10099
3535 10103
6545 10103
8706 10103
4134 10133
8812 10133
9379 10133
8195 10139
8 10141
401 10159
1694 10159
7906 10159
7992 10169
6913 10177
6079 10181
1507 10223
4834 10247
2660 10259
1420 10267
985 10271
5241 10271
6453 10271
5557 10273
997 10289
5096 10289
9502 10289
764 10303
3074 10313
3126 10313
5564 10313
2210 10321
3170 10331
8930 10331
9047 10331
5327 10333
5880 10333
10267 10333
2472 10337
2120 10343
2665 10343
6690 10343
4863 10357
2260 10369
1222 10391
6382 10391
6522 10391
495 10399
4544 10427
4628 10429
10167 10453
4174 10457
6868 10457
8729 10457
10331 10487
1182 10499
5690 10501
982 10531
3671 10531
5056 10531
7534 10589
1673 10601
4039 10607
9917 10613
9547 10627
3650 10631
7605 10639
8732 10651
10096 10657
7699 10663
9759 10667
5882 10687
7895 10711
2197 10729
6999 10753
1347 10789
2957 10789
5980 10789
1000 10831
9918 10847
6527 10867
10036 10883
712 10889
3069 10889
8640 10889
9710 10891
5630 10903
795 10909
6713 10939
5844 10957
1947 10979
205 11027
363 11057
6122 11057
10274 11057
1995 11059
8153 11069
4305 11071
3281 11087
2291 11113
5818 11113
10124 11113
3503 11119
1488 11149
3900 11161
7794 11161
9408 11161
8617 11171
8946 11173
6323 11239
8325 11243
1373 11261
607 11273
2259 11279
4854 11279
9630 11279
9977 11287
4613 11317
11039 11351
9276 11369
734 11383
8291 11393
3581 11411
4823 11437
5105 11447
2049 11467
1338 11483
4245 11483
6439 11483
8108 11491
4489 11497
5949 11497
8425 11497
4076 11503
8051 11503
10700 11503
2696 11549
3662 11549
6094 11549
11482 11551
5757 11579
2855 11587
6597 11587
7024 11587
1002 11593
1392 11593
10830 11593
995 11617
6936 11633
3133 11657
4910 11657
5254 11657
764 11677
167 11699
5713 11701
6820 11701
7396 11701
8560 11719
10044 11731
428 11783
2612 11783
4141 11783
2270 11801
2905 11801
5336 11801
9291 11807
2599 11813
3483 11833
6184 11839
7261 11867
60 11909
1200 11909
4137 11909
989 11933
11281 11939
1317 11953
4050 11971
4780 11987
10485 11987
10770 11987
7441 12007
1553 12011
3495 12011
4524 12011
6316 12041
896 12071
4496 12071
8000 12071
4029 12097
5158 12097
6124 12097
1252 12101
5766 12107
3117 12109
3822 12109
9144 12109
369 12119
10977 12143
6379 12149
6926 12157
6967 12203
5543 12211
3122 12227
233 12241
2000 12241
10200 12241
5054 12251
1394 12253
5761 12253
6056 12253
6794 12263
10553 12277
10721 12277
11913 12277
5354 12281
3949 12289
9599 12301
532 12323
7312 12329
7843 12373
7505 12377
3626 12379
9427 12379
12286 12379
9000 12391
7646 12401
8887 12409
5700 12457
1661 12487
9384 12491
2664 12517
5941 12527
2565 12541
3641 12553
6957 12569
5375 12577
1828 12583
4404 12583
7728 12583
8085 12589
7871 12619
10148 12637
11081 12641
1122 12653
12004 12697
767 12703
6432 12703
8482 12703
8953 12721
10733 12739
7558 12781
8284 12791
1237 12821
10166 12829
10854 12853
3858 12889
10042 12893
9938 12899
10870 12907
6060 12917
7627 12917
8313 12917
6465 12919
8552 12923
1061 12941
4133 12953
263 12959
4839 12973
5624 12979
2732 12983
10104 13001
537 13003
1457 13007
8563 13007
9288 13007
9711 13009
781 13033
931 13033
6638 13033
1801 13037
