1 3
2 5
3 7
6 13
11 13
7 19
6 29
5 31
7 41
11 43
3 47
10 53
36 61
17 67
68 71
12 73
12 79
4 89
5 89
15 89
68 89
52 97
54 101
29 103
22 109
33 113
9 127
119 131
126 139
145 149
86 151
74 157
30 163
20 167
172 173
16 179
21 191
81 193
139 197
17 211
205 223
61 229
128 233
127 239
178 239
184 239
231 239
173 251
73 257
112 257
150 257
182 257
194 263
9 269
57 269
232 269
243 269
79 277
128 277
154 277
196 277
91 283
111 293
63 311
106 313
180 317
119 331
259 349
153 353
202 359
354 367
195 373
100 379
200 383
156 389
349 397
53 401
164 401
218 401
370 401
352 419
108 421
131 421
286 421
320 421
114 431
221 433
44 443
225 449
269 461
258 467
391 479
63 491
25 499
437 503
144 509
170 509
273 509
434 509
315 521
124 541
124 541
128 547
258 547
347 547
364 547
160 557
303 571
258 577
535 587
582 593
486 599
157 601
346 607
417 613
304 617
281 619
72 631
383 643
178 647
231 653
278 653
328 653
472 653
367 659
176 661
276 673
154 677
148 691
316 691
459 691
462 691
160 701
188 701
501 701
556 701
317 709
87 719
400 733
711 739
157 743
483 757
711 761
566 769
480 773
530 773
649 773
663 773
745 797
285 809
54 811
491 811
537 811
543 811
610 829
214 839
606 857
634 859
85 863
400 877
284 881
142 883
409 883
444 883
774 883
766 907
209 911
453 911
476 911
687 911
817 919
692 929
40 937
290 937
641 937
906 937
842 941
281 953
171 967
376 967
555 967
835 967
687 971
465 977
977 983
393 991
683 1013
185 1019
222 1021
281 1031
548 1039
774 1049
533 1051
886 1061
115 1063
843 1087
368 1093
440 1093
486 1093
895 1093
801 1097
734 1103
887 1117
497 1123
615 1153
180 1163
567 1171
52 1187
476 1187
741 1187
1108 1187
457 1193
726 1201
989 1213
191 1223
143 1229
768 1229
772 1229
778 1229
869 1231
996 1249
44 1259
1006 1277
902 1279
266 1283
774 1289
599 1303
751 1307
242 1321
996 1327
56 1409
362 1423
681 1427
36 1433
500 1433
982 1433
1351 1433
381 1447
1260 1451
20 1453
1021 1459
435 1471
40 1481
813 1487
1184 1489
310 1499
1467 1511
1021 1523
226 1531
736 1531
962 1531
1141 1531
1167 1553
1523 1559
1035 1567
1505 1571
883 1583
1389 1597
318 1607
1026 1609
926 1613
77 1619
552 1621
623 1621
941 1621
1129 1621
25 1627
1116 1657
993 1663
1037 1667
49 1669
1293 1693
1112 1699
553 1709
734 1723
264 1741
823 1747
451 1753
1148 1759
867 1777
564 1787
1312 1789
1488 1801
1353 1811
1638 1823
1498 1831
1144 1861
85 1867
1645 1871
479 1873
136 1877
770 1877
1054 1877
1797 1877
1055 1889
226 1901
627 1931
665 1933
1052 1949
561 1951
30 1973
