1 2
2 7
6 11
1 13
12 13
10 19
8 23
14 29
3 37
13 41
7 43
33 59
8 61
19 67
3 71
63 73
79 89
11 97
53 101
51 107
85 113
108 127
28 137
123 139
113 149
49 157
72 157
109 157
151 157
8 163
2 167
53 173
174 179
101 191
166 193
22 197
27 199
60 211
109 223
19 227
22 233
104 233
154 233
167 233
86 239
94 239
179 239
212 239
55 241
203 251
238 257
181 263
22 269
117 271
170 277
113 283
153 293
272 331
319 347
164 349
195 353
37 359
72 359
85 359
115 359
182 367
367 373
96 379
359 383
233 397
277 401
152 409
369 419
14 421
213 421
283 421
290 421
23 431
295 433
165 439
53 449
417 457
446 461
36 479
64 487
332 491
485 503
80 509
80 521
199 521
340 521
504 521
408 523
408 523
126 557
311 563
567 569
75 577
95 577
332 577
425 577
88 587
322 593
378 593
412 593
550 593
107 601
263 607
217 613
436 617
575 631
147 641
300 643
371 647
460 653
463 659
616 661
319 673
119 683
89 691
329 709
423 719
179 739
382 743
112 751
681 757
304 761
73 769
609 773
263 787
736 797
248 809
74 811
312 811
634 811
808 811
660 821
686 823
46 827
264 827
277 827
369 827
171 829
582 839
104 863
517 863
773 863
822 863
833 877
572 881
378 887
329 907
832 919
345 929
734 947
621 953
387 971
696 977
542 991
336 997
184 1013
381 1013
711 1013
789 1013
124 1021
280 1031
309 1033
111 1039
188 1039
203 1039
740 1039
1028 1049
812 1051
160 1063
126 1069
94 1091
135 1091
224 1091
295 1091
454 1103
161 1109
349 1129
445 1151
700 1153
21 1163
967 1181
990 1187
501 1193
745 1213
443 1229
639 1231
393 1237
665 1259
281 1277
898 1283
706 1289
994 1291
806 1297
459 1303
102 1307
1059 1319
86 1321
145 1321
597 1321
829 1321
380 1361
1211 1367
213 1373
317 1373
668 1373
955 1373
1130 1381
94 1399
454 1399
475 1399
485 1399
1275 1423
42 1427
215 1433
680 1439
286 1447
1274 1453
1264 1459
461 1471
131 1483
457 1483
705 1483
829 1483
160 1487
523 1487
1253 1487
1358 1487
553 1489
1343 1493
960 1499
516 1511
1414 1523
830 1531
1315 1543
1459 1549
1040 1553
444 1559
1306 1559
1374 1559
1430 1559
318 1567
950 1571
7 1579
604 1583
292 1597
1136 1601
60 1607
963 1607
1377 1607
1538 1607
103 1609
9 1619
1544 1621
1153 1627
1569 1657
82 1663
360 1663
451 1663
1291 1663
1565 1667
706 1693
422 1697
1412 1699
958 1709
88 1723
1306 1733
342 1747
611 1747
820 1747
1549 1747
1423 1753
1031 1759
1558 1777
1394 1783
67 1787
173 1789
307 1789
551 1789
1529 1789
1221 1801
1230 1811
96 1823
929 1831
1284 1861
136 1867
140 1867
699 1867
1477 1867
672 1871
902 1871
1214 1871
1687 1871
138 1873
980 1873
1073 1873
1591 1873
469 1879
1810 1889
1582 1901
779 1907
1758 1913
160 1931
68 1933
60 1973
964 1979
558 1987
519 1993
1279 1999
724 2003
890 2003
1110 2003
1242 2003
1385 2011
