1 2
1 2
1 5
4 5
9 19
12 19
16 19
21 47
39 47
45 47
2 61
28 61
36 61
9 73
10 73
38 73
20 89
23 89
62 89
56 107
63 107
66 107
52 127
10 131
64 131
100 131
48 137
96 137
127 137
37 167
74 167
94 167
26 181
65 181
104 181
26 191
139 191
184 191
21 193
55 193
74 193
4 227
79 227
82 227
186 229
206 229
221 229
66 281
100 281
277 281
126 317
133 317
209 317
82 331
126 331
231 331
76 349
196 349
313 349
28 373
210 373
238 373
101 379
270 379
359 379
44 383
102 383
247 383
164 389
215 389
273 389
93 397
187 397
306 397
85 401
206 401
341 401
249 419
250 419
308 419
67 421
162 421
224 421
154 431
222 431
411 431
3 457
178 457
265 457
72 461
430 461
455 461
105 503
449 503
465 503
192 509
217 509
444 509
100 541
505 541
518 541
5 569
267 569
397 569
405 571
412 571
511 571
221 619
478 619
493 619
98 631
477 631
577 631
114 643
268 643
599 643
246 673
373 673
576 673
191 701
582 701
682 701
213 743
584 743
708 743
99 757
449 757
569 757
63 761
439 761
697 761
133 787
147 787
291 787
128 809
271 809
552 809
119 823
269 823
456 823
16 839
516 839
664 839
419 857
623 857
651 857
44 881
500 881
844 881
541 887
688 887
745 887
38 929
297 929
757 929
245 953
641 953
806 953
381 983
709 983
901 983
166 991
302 991
350 991
634 997
910 997
924 997
99 1021
358 1021
641 1021
217 1049
257 1049
759 1049
216 1063
332 1063
542 1063
570 1093
932 1093
985 1093
152 1103
1017 1103
1065 1103
205 1123
412 1123
1096 1123
166 1151
311 1151
473 1151
362 1153
818 1153
867 1153
857 1163
954 1163
1126 1163
378 1181
427 1181
465 1181
139 1193
186 1193
600 1193
209 1223
424 1223
621 1223
31 1237
850 1237
944 1237
510 1289
1133 1289
1161 1289
544 1297
847 1297
1171 1297
56 1303
104 1303
1176 1303
556 1321
701 1321
824 1321
639 1381
857 1381
1370 1381
167 1399
599 1399
1228 1399
280 1429
859 1429
1255 1429
253 1447
538 1447
982 1447
858 1451
1219 1451
1297 1451
37 1499
498 1499
852 1499
374 1523
758 1523
1191 1523
754 1543
1156 1543
1215 1543
467 1549
1029 1549
1099 1549
1046 1571
1248 1571
1359 1571
588 1597
698 1597
1070 1597
1260 1601
1391 1601
1472 1601
385 1613
503 1613
1169 1613
341 1619
572 1619
585 1619
243 1667
1273 1667
1360 1667
12 1753
1390 1753
1710 1753
20 1759
103 1759
625 1759
342 1777
594 1777
797 1777
184 1783
411 1783
1233 1783
324 1811
834 1811
1242 1811
138 1867
289 1867
927 1867
948 1873
1112 1873
1265 1873
1051 1889
1488 1889
1570 1889
302 1901
680 1901
1062 1901
629 1907
845 1907
1816 1907
886 1913
1056 1913
1454 1913
886 1913
1056 1913
1454 1913
760 1999
1030 1999
1059 1999
497 2027
1371 2027
1629 2027
997 2083
1060 2083
1120 2083
162 2143
805 2143
1230 2143
732 2161
1035 2161
1637 2161
412 2179
414 2179
1190 2179
257 2213
556 2213
2009 2213
408 2239
1150 2239
1633 2239
849 2267
1225 2267
1837 2267
391 2281
1039 2281
2163 2281
1266 2287
1843 2287
1980 2287
396 2311
582 2311
929 2311
431 2333
775 2333
1769 2333
445 2347
541 2347
716 2347
164 2381
310 2381
2086 2381
1146 2393
1239 2393
1863 2393
610 2411
767 2411
1818 2411
464 2417
763 2417
1130 2417
270 2423
782 2423
1432 2423
452 2467
1832 2467
1972 2467
339 2477
1128 2477
2187 2477
93 2521
401 2521
956 2521
678 2539
2054 2539
2156 2539
1202 2591
1348 2591
2179 2591
212 2617
426 2617
1914 2617
319 2647
634 2647
2290 2647
492 2657
574 2657
1525 2657
14 2659
756 2659
1690 2659
977 2663
2204 2663
2212 2663
593 2671
706 2671
905 2671
1809 2677
2288 2677
2529 2677
23 2683
255 2683
1131 2683
569 2687
749 2687
1974 2687
584 2699
1918 2699
2694 2699
101 2707
2019 2707
2550 2707
580 2731
1409 2731
1630 2731
400 2767
842 2767
2148 2767
323 2789
1640 2789
2709 2789
1268 2819
1422 2819
2737 2819
1012 2857
1895 2857
2736 2857
2043 2917
2508 2917
2669 2917
358 2953
2328 2953
2556 2953
471 2971
564 2971
2902 2971
256 3001
324 3001
1146 3001
36 3023
753 3023
2310 3023
1340 3049
2252 3049
3040 3049
627 3067
652 3067
945 3067
2590 3109
2816 3109
2911 3109
673 3121
1719 3121
2524 3121
362 3137
884 3137
1813 3137
551 3167
1025 3167
2304 3167
1181 3191
1544 3191
3099 3191
298 3229
594 3229
1288 3229
1703 3251
2671 3251
3185 3251
303 3301
778 3301
2468 3301
339 3307
2371 3307
2995 3307
578 3329
687 3329
2647 3329
293 3389
2547 3389
2837 3389
1365 3391
1492 3391
3332 3391
338 3413
1333 3413
2681 3413
50 3433
543 3433
2068 3433
102 3449
1669 3449
2282 3449
267 3461
551 3461
2903 3461
1385 3467
1556 3467
3040 3467
883 3469
1755 3469
3173 3469
277 3529
1130 3529
2740 3529
277 3529
1130 3529
2740 3529
