1 2
1 3
3 5
16 23
23 29
20 31
14 37
10 41
10 43
12 47
9 53
12 53
14 53
50 53
58 59
8 61
40 67
29 71
70 79
14 83
44 89
32 97
38 97
65 97
89 97
11 101
56 103
86 109
73 113
71 131
78 137
110 149
7 151
39 151
116 157
106 163
95 167
90 173
3 179
7 179
26 179
172 179
51 181
174 197
173 199
177 211
28 223
8 227
70 229
68 233
220 239
233 241
131 251
197 257
25 263
211 269
137 271
238 277
105 283
165 293
257 307
183 311
40 313
80 313
170 313
267 313
146 331
317 347
9 349
259 367
165 379
332 383
269 389
142 397
359 401
200 409
19 419
77 419
266 419
322 419
151 421
132 431
192 439
160 443
147 449
263 457
145 461
46 463
235 463
286 463
325 463
423 467
463 479
77 487
291 491
289 509
75 523
98 523
176 523
474 523
449 541
471 547
268 557
231 563
138 569
547 571
505 593
353 599
86 601
6 607
618 647
57 653
167 653
372 653
566 653
96 659
386 661
26 677
40 691
67 701
147 709
475 719
641 727
265 733
427 733
580 733
636 733
494 739
600 757
494 761
513 773
199 809
335 811
678 821
136 823
129 829
673 839
650 853
607 857
243 859
326 859
473 859
815 859
731 863
560 877
606 881
721 883
310 887
363 907
271 919
349 937
938 947
277 953
444 967
520 967
600 967
754 967
648 983
519 991
431 997
444 1009
859 1013
228 1021
333 1021
699 1021
737 1021
791 1031
314 1033
864 1039
973 1049
468 1051
549 1051
797 1051
829 1051
195 1061
850 1063
659 1069
869 1087
565 1091
137 1097
471 1103
577 1103
586 1103
1010 1103
560 1123
296 1129
1010 1153
347 1171
50 1181
120 1187
353 1193
930 1201
746 1217
628 1223
43 1229
859 1237
113 1249
511 1259
447 1277
926 1279
1193 1289
1022 1291
1072 1297
535 1301
1011 1319
373 1399
759 1409
1294 1427
4 1429
1031 1433
622 1439
494 1447
637 1447
768 1447
1144 1447
1041 1451
772 1453
838 1459
1186 1481
466 1483
859 1489
313 1493
396 1499
1277 1523
1424 1531
484 1543
226 1549
622 1559
1407 1579
735 1597
157 1601
945 1601
1399 1601
1478 1601
920 1607
628 1619
831 1621
1447 1627
1580 1657
296 1669
273 1693
58 1697
309 1697
667 1697
688 1697
907 1709
354 1721
1077 1733
190 1747
544 1747
763 1747
1252 1747
1243 1753
159 1759
365 1787
529 1787
1278 1787
1586 1787
113 1789
383 1789
998 1789
1058 1789
1774 1801
466 1811
1621 1823
472 1831
319 1847
1316 1861
98 1873
1023 1877
70 1879
1179 1889
1075 1901
1183 1907
825 1913
1406 1933
402 1949
849 1949
1270 1949
1635 1949
986 1951
854 1973
1665 1979
1249 1987
111 1993
1359 1993
1664 1993
1702 1993
1090 1997
1842 1999
598 2003
911 2011
677 2017
1984 2027
99 2053
1225 2069
1462 2083
1100 2089
1746 2111
224 2113
1235 2129
662 2137
1224 2153
1844 2161
1184 2203
870 2207
1267 2207
1637 2207
1776 2207
2086 2213
1963 2221
537 2237
847 2239
1303 2243
855 2251
2163 2267
631 2269
369 2273
895 2281
1373 2287
258 2293
729 2297
601 2309
974 2311
2317 2333
951 2339
377 2341
1435 2351
1414 2371
1367 2377
47 2389
830 2393
174 2399
991 2411
1224 2417
776 2437
1265 2437
1512 2437
2217 2437
2175 2441
2185 2447
1325 2459
1444 2467
691 2473
821 2477
2358 2521
2198 2531
1879 2543
2144 2551
2284 2557
1084 2591
1311 2591
1747 2591
1764 2591
528 2609
387 2617
1490 2633
1708 2633
2083 2633
2347 2633
2336 2647
1203 2657
793 2659
1500 2663
2465 2671
832 2677
2435 2683
1852 2687
2678 2689
1404 2693
660 2699
909 2699
1037 2699
1641 2699
2081 2713
1062 2731
1572 2731
1981 2731
2574 2731
760 2741
1701 2749
1491 2753
1124 2777
340 2789
1807 2797
792 2801
990 2819
2741 2833
604 2837
258 2851
1398 2851
1674 2851
1827 2851
336 2879
610 2887
673 2887
881 2887
2209 2887
106 2917
77 2927
1278 2927
2009 2927
2447 2927
1120 2939
438 2953
889 2953
1235 2953
1303 2953
480 2957
453 2963
535 2969
1887 2971
1566 3001
101 3011
886 3019
1324 3037
2098 3041
323 3049
2617 3067
897 3079
1240 3079
2116 3079
2222 3079
1280 3083
347 3109
466 3109
913 3109
1063 3109
28 3119
1199 3121
685 3137
2220 3137
2608 3137
2837 3137
295 3163
2020 3167
2300 3169
1133 3187
1144 3191
1870 3203
2158 3209
2378 3251
1034 3253
820 3257
976 3257
1351 3257
2457 3257
3233 3259
1538 3271
3275 3299
859 3307
1005 3313
1477 3313
1484 3313
2319 3313
506 3319
2084 3323
1357 3329
1803 3343
2285 3347
822 3359
1389 3359
1936 3359
3312 3359
1505 3389
2373 3413
276 3433
1002 3449
1324 3457
1077 3461
2112 3461
3109 3461
3118 3461
2051 3463
1485 3491
894 3499
3125 3511
19 3517
592 3527
2829 3529
1552 3533
2750 3539
1251 3541
86 3547
740 3557
1640 3559
3257 3571
1994 3581
1891 3607
2681 3607
3088 3607
3108 3607
623 3613
791 3617
2504 3623
3206 3631
3455 3637
826 3643
347 3659
1485 3659
1690 3659
3527 3659
868 3671
2058 3673
1093 3677
2712 3697
3472 3701
18 3709
3430 3727
3009 3733
192 3761
599 3767
2533 3779
898 3793
384 3797
2950 3803
1477 3823
1653 3823
2634 3823
3400 3823
3282 3833
291 3847
2862 3851
893 3853
933 3853
2578 3853
3812 3853
716 3877
1159 3889
2824 3911
1663 3917
1875 3919
1601 3923
2225 3923
2651 3923
3619 3923
2956 3929
1992 3943
2521 3947
348 3967
1657 4003
768 4007
1719 4013
3081 4013
3169 4013
3893 4013
1144 4019
385 4021
479 4021
697 4021
1100 4021
3471 4027
1418 4051
2161 4051
3482 4051
3841 4051
2984 4057
2549 4093
2585 4093
3475 4093
3971 4093
2464 4111
614 4127
2284 4139
733 4157
3447 4159
169 4177
25 4201
835 4211
2815 4217
1433 4219
1049 4229
1860 4229
1861 4229
3999 4229
2993 4231
3563 4231
3879 4231
3938 4231
4093 4241
3134 4243
4012 4261
873 4271
2024 4271
2630 4271
2701 4271
4168 4283
4002 4297
2418 4337
4032 4339
193 4349
2951 4357
2717 4373
2939 4391
219 4397
63 4409
4015 4421
3445 4423
159 4441
1070 4441
1206 4441
3900 4441
1195 4447
1946 4447
2291 4447
4443 4447
4379 4451
2479 4457
2054 4481
3595 4483
1096 4493
2857 4493
2913 4493
2979 4493
2173 4513
3997 4517
1257 4519
2755 4523
1109 4549
1108 4561
1317 4561
3239 4561
4330 4561
4482 4567
3213 4583
2139 4591
121 4597
2295 4603
3151 4621
3209 4637
93 4643
1023 4651
3720 4657
192 4663
1770 4673
546 4679
2680 4691
987 4721
1563 4723
2353 4729
180 4733
4251 4759
756 4787
4241 4789
673 4799
1266 4799
2945 4799
3232 4799
257 4801
4234 4813
723 4817
822 4817
1065 4817
3978 4817
1761 4831
2291 4871
129 4877
337 4889
4228 4903
11 4909
532 4909
1753 4909
2974 4909
1997 4919
246 4931
119 4933
492 4933
545 4933
1238 4933
4174 4951
263 4957
1678 4967
1632 4969
1953 4987
3997 4993
2157 4999
2144 5003
3520 5003
3750 5003
4050 5003
2216 5009
1363 5011
363 5021
4255 5023
2139 5039
2666 5051
4135 5059
828 5081
3981 5087
1595 5099
2685 5099
2705 5099
3438 5099
1000 5107
1125 5113
2557 5147
3056 5153
1842 5167
5112 5171
1471 5179
1597 5189
1821 5189
4165 5189
5008 5189
4303 5197
3859 5209
283 5231
537 5231
3579 5231
5063 5231
4710 5233
1010 5237
593 5261
189 5273
2273 5279
775 5281
2263 5309
4468 5309
5081 5309
5130 5309
4976 5323
1876 5333
5256 5347
3507 5381
2339 5393
1331 5399
3575 5407
1528 5413
150 5417
1726 5417
4639 5417
5036 5417
5003 5419
1945 5431
5384 5441
2570 5443
3964 5443
4352 5443
5363 5443
5125 5471
2071 5477
1823 5479
4094 5483
2078 5501
2774 5503
521 5507
1337 5519
985 5521
1241 5521
4493 5521
4729 5521
2412 5531
235 5573
5442 5581
1731 5591
5160 5623
3169 5639
1031 5647
521 5651
1925 5651
2036 5651
2748 5651
2009 5653
5144 5657
96 5659
4075 5669
571 5689
73 5693
1341 5701
3806 5711
2521 5737
2838 5743
204 5749
1992 5749
2948 5749
3395 5749
2442 5783
2022 5791
2145 5801
1199 5813
3397 5821
1769 5839
5749 5843
3058 5849
4036 5851
3471 5857
1216 5861
2186 5867
4158 5879
5083 5881
5616 5897
5556 5903
975 5923
4715 5927
2203 5939
2702 5939
2896 5939
3291 5939
2276 5953
3267 5981
2242 5987
1757 6007
1292 6029
1518 6037
4283 6043
1642 6047
656 6053
1712 6053
4101 6053
5370 6053
2248 6073
2819 6073
4112 6073
5557 6073
3457 6101
4731 6113
1618 6121
2199 6121
2509 6121
5646 6121
5608 6131
1370 6133
67 6143
5405 6151
3555 6163
3043 6173
6006 6197
4131 6199
2242 6203
2758 6217
2011 6221
3422 6229
6212 6247
4644 6257
2425 6269
2426 6271
964 6277
921 6287
1748 6287
1817 6287
5037 6287
43 6299
3679 6317
1977 6323
4942 6329
1478 6337
5461 6343
5858 6353
1854 6359
237 6361
1772 6373
5861 6389
2480 6397
1936 6421
5192 6427
1329 6449
4024 6451
5491 6469
3369 6473
670 6481
1465 6491
1693 6491
2183 6491
4491 6491
655 6521
3732 6547
3732 6551
446 6553
2027 6553
3795 6553
5778 6553
3104 6563
4974 6569
6344 6577
601 6607
4255 6637
3811 6653
344 6659
1411 6661
3689 6673
418 6679
1804 6701
4186 6703
5280 6709
247 6733
5661 6737
2097 6761
918 6781
1013 6781
1745 6781
2407 6781
3416 6827
5321 6827
6437 6827
6813 6827
94 6829
1674 6841
5666 6857
5501 6863
4151 6869
1404 6871
2492 6871
4246 6871
5499 6871
3112 6883
3345 6883
3958 6883
6084 6883
880 6911
598 6917
825 6959
1547 6961
6083 6967
360 6983
190 6997
1760 7001
3619 7013
72 7019
1101 7019
2960 7019
5673 7019
1485 7027
1586 7039
954 7043
386 7057
2294 7069
6834 7079
6132 7109
6387 7121
2285 7127
2730 7129
3916 7151
294 7187
1543 7187
2290 7187
7182 7187
5644 7193
4816 7207
449 7211
2319 7211
4957 7211
6591 7211
453 7219
3356 7219
3856 7219
4119 7219
2372 7229
2477 7237
692 7243
892 7243
3046 7243
5915 7243
6082 7247
6913 7253
3326 7283
2146 7297
2571 7309
262 7321
5118 7331
1984 7333
1364 7349
1396 7351
3730 7351
5267 7351
6363 7351
5142 7369
4948 7393
992 7417
2912 7433
3290 7451
1709 7457
5535 7459
5467 7477
6845 7487
674 7489
306 7499
727 7499
1300 7499
5938 7499
4843 7507
3502 7529
39 7541
3734 7541
4302 7541
4900 7541
4673 7547
3060 7549
4345 7561
4137 7573
1351 7583
6874 7589
1064 7591
4054 7603
7561 7607
7158 7621
1618 7639
6333 7649
1981 7669
3254 7673
2899 7681
1965 7687
5912 7699
448 7703
6299 7717
24 7723
2535 7727
4772 7741
1323 7753
7591 7757
3412 7759
5170 7789
6647 7823
2991 7829
2972 7841
3444 7841
6104 7841
6506 7841
1015 7853
7855 7867
268 7873
2399 7873
3534 7873
6419 7873
3230 7877
1748 7879
4710 7883
1080 7901
5322 7927
2664 7933
1808 7937
7171 7951
4016 7993
4489 8009
4315 8011
4443 8011
6796 8011
7890 8011
4176 8017
1983 8039
6222 8053
1247 8059
342 8069
539 8069
684 8069
7572 8069
3487 8087
7497 8089
63 8093
2751 8111
5930 8117
4015 8123
