1 7
3 7
7 11
4 13
8 13
1 19
9 19
12 19
15 19
8 31
14 31
21 31
29 31
11 43
13 43
38 43
41 43
32 67
45 67
47 67
62 67
8 73
30 73
41 73
45 73
26 97
31 97
61 97
69 97
75 109
92 109
93 109
101 109
51 127
58 127
61 127
104 127
12 139
15 139
88 139
110 139
38 157
79 157
126 157
156 157
16 163
18 163
56 163
86 163
13 199
42 199
45 199
176 199
18 271
81 271
92 271
143 271
100 313
162 313
256 313
277 313
12 397
48 397
153 397
215 397
101 421
107 421
120 421
223 421
100 433
140 433
150 433
210 433
106 439
205 439
310 439
325 439
120 463
185 463
234 463
245 463
95 487
264 487
288 487
290 487
101 541
102 541
233 541
480 541
101 541
102 541
233 541
480 541
187 547
332 547
407 547
463 547
82 577
342 577
426 577
482 577
3 619
103 619
416 619
526 619
172 691
231 691
269 691
551 691
88 709
313 709
504 709
568 709
140 733
155 733
253 733
411 733
78 811
488 811
521 811
785 811
170 823
259 823
751 823
783 823
390 853
557 853
631 853
719 853
42 859
317 859
463 859
500 859
107 883
193 883
458 883
533 883
132 907
144 907
211 907
560 907
42 937
145 937
328 937
927 937
86 967
568 967
714 967
864 967
2 997
7 997
249 997
356 997
4 1009
126 1009
608 1009
970 1009
93 1039
592 1039
877 1039
996 1039
262 1087
394 1087
446 1087
738 1087
243 1129
268 1129
978 1129
1030 1129
399 1153
773 1153
892 1153
952 1153
341 1201
426 1201
921 1201
1084 1201
158 1231
261 1231
483 1231
1087 1231
168 1237
477 1237
578 1237
966 1237
590 1279
663 1279
801 1279
898 1279
314 1291
664 1291
856 1291
1245 1291
149 1303
164 1303
1013 1303
1080 1303
360 1327
411 1327
1288 1327
1310 1327
29 1381
86 1381
500 1381
554 1381
292 1399
394 1399
822 1399
860 1399
74 1423
188 1423
1177 1423
1298 1423
680 1429
706 1429
787 1429
1345 1429
99 1459
140 1459
149 1459
847 1459
115 1531
872 1531
1055 1531
1256 1531
813 1549
954 1549
1207 1549
1316 1549
684 1621
897 1621
1141 1621
1518 1621
59 1657
88 1657
386 1657
997 1657
368 1663
1010 1663
1331 1663
1385 1663
206 1693
610 1693
1106 1693
1204 1693
309 1699
438 1699
844 1699
1154 1699
303 1723
753 1723
1197 1723
1326 1723
179 1747
720 1747
1508 1747
1625 1747
46 1753
460 1753
705 1753
947 1753
173 1777
203 1777
302 1777
416 1777
359 1789
739 1789
745 1789
1185 1789
462 1801
463 1801
1130 1801
1686 1801
630 1879
870 1879
1122 1879
1281 1879
764 1951
906 1951
1558 1951
1725 1951
162 1993
280 1993
1057 1993
1261 1993
162 1993
280 1993
1057 1993
1261 1993
421 2083
710 2083
1276 2083
1439 2083
421 2083
710 2083
1276 2083
1439 2083
413 2113
1981 2113
2003 2113
2105 2113
