1 2
6 13
16 17
12 19
20 23
27 29
8 37
4 43
25 43
4 47
13 47
30 47
36 47
46 53
34 59
43 59
14 61
15 61
29 61
21 67
46 71
54 73
59 73
63 89
19 101
40 101
51 101
97 101
43 107
87 113
64 131
46 139
92 139
139 151
88 157
121 157
26 167
100 167
46 173
154 173
166 173
167 193
179 193
129 197
137 197
18 211
72 227
204 229
150 233
215 233
107 239
142 239
99 251
115 251
217 257
228 257
156 269
121 293
70 307
197 307
101 311
161 311
200 313
136 317
203 317
219 331
238 331
163 337
271 337
268 347
230 349
90 367
276 367
61 373
63 373
77 373
114 373
4 379
367 379
322 397
327 409
155 421
5 431
13 433
312 443
459 461
178 467
419 467
183 479
476 503
40 509
205 509
401 509
194 521
45 541
532 541
62 557
353 557
401 569
491 587
508 593
549 599
236 601
361 601
382 601
484 601
121 617
185 619
124 631
421 631
499 631
93 641
382 643
422 643
126 647
223 653
307 653
627 653
146 661
506 661
536 709
134 719
301 727
344 727
461 733
75 739
194 739
583 743
624 743
64 751
228 757
421 757
245 761
56 773
448 773
459 773
599 773
608 787
689 787
504 797
718 797
326 811
574 811
466 821
545 821
19 829
474 839
823 853
407 859
23 863
677 877
177 883
93 887
684 887
899 907
135 911
138 911
234 937
679 941
9 947
429 947
586 947
58 967
313 967
793 977
125 983
408 983
554 983
823 983
535 991
209 997
333 997
394 1019
79 1021
107 1021
1018 1031
154 1039
546 1039
78 1049
641 1051
508 1061
984 1063
1016 1063
687 1069
266 1087
966 1117
117 1123
1025 1123
1078 1123
131 1163
521 1171
570 1171
352 1187
543 1187
632 1187
355 1193
1051 1217
197 1231
948 1231
27 1237
869 1237
1200 1237
307 1249
931 1249
511 1277
715 1277
740 1277
279 1279
691 1279
1136 1279
483 1283
955 1283
581 1289
602 1289
754 1289
1036 1289
208 1301
641 1307
52 1319
190 1319
713 1319
274 1327
1263 1381
436 1423
1004 1423
1298 1423
201 1429
648 1433
338 1451
198 1453
350 1453
165 1471
60 1481
142 1493
620 1493
1023 1493
1090 1499
295 1531
304 1543
1050 1553
97 1559
560 1559
240 1567
819 1567
334 1571
1060 1579
191 1583
1183 1583
933 1597
1329 1597
228 1607
984 1607
738 1613
1568 1621
824 1627
1521 1627
154 1637
1383 1637
469 1657
982 1657
370 1667
558 1669
1455 1669
368 1697
73 1699
247 1741
1305 1741
1555 1741
493 1747
536 1747
555 1747
39 1753
113 1777
739 1777
552 1801
764 1811
113 1823
1598 1823
1071 1861
565 1867
1495 1871
868 1877
21 1879
1647 1889
244 1907
1374 1907
1277 1933
1443 1951
1452 1951
1556 1951
761 1973
1683 1973
1100 1979
1214 1979
1474 1999
417 2003
1113 2011
1304 2017
1467 2027
1225 2039
1966 2069
1824 2081
1651 2087
115 2089
241 2089
352 2089
624 2089
