5 19
5 23
9 29
16 31
22 37
3 41
3 43
7 53
58 59
55 61
53 67
7 73
15 79
30 79
42 79
44 79
42 83
67 89
91 97
81 101
61 109
107 109
66 113
106 127
22 131
48 137
122 139
21 167
87 167
123 167
158 167
82 173
67 179
34 181
179 191
53 193
124 197
133 223
22 227
58 227
106 227
116 227
164 229
95 233
12 239
221 241
78 257
1 263
97 269
121 271
112 277
128 277
232 277
266 277
119 281
11 283
213 293
159 307
42 311
56 313
175 317
306 331
2 349
52 349
187 349
340 349
239 353
27 367
315 373
96 379
143 383
180 383
246 383
324 383
73 389
128 389
332 389
374 389
67 397
74 401
273 409
234 419
12 431
163 433
413 439
316 443
351 449
75 457
356 457
379 457
408 457
139 461
209 461
305 461
422 461
91 463
456 467
467 479
363 487
150 491
80 499
327 503
57 509
11 521
499 523
499 523
366 547
445 557
404 563
507 569
388 593
305 599
397 601
547 607
506 617
157 631
170 631
236 631
488 631
307 641
417 643
431 647
63 653
536 659
528 673
66 677
651 683
260 691
499 691
520 691
563 691
537 701
41 709
59 719
374 733
148 739
586 757
388 761
159 769
248 769
353 769
521 769
326 773
452 797
617 811
321 821
675 823
202 839
285 853
860 863
50 881
528 883
433 887
85 919
779 929
492 937
96 947
309 953
696 971
710 977
774 983
282 991
456 997
897 1009
506 1013
813 1019
821 1031
669 1033
553 1049
619 1051
622 1051
733 1051
828 1051
571 1061
169 1087
750 1091
397 1097
293 1109
105 1123
66 1129
827 1151
497 1171
598 1187
122 1193
242 1193
523 1193
703 1193
688 1201
1055 1213
1040 1223
708 1229
970 1231
1021 1237
246 1249
731 1249
1108 1249
1245 1249
734 1259
1078 1277
796 1279
286 1283
602 1289
562 1291
737 1297
264 1303
1160 1307
1090 1319
1251 1321
870 1327
897 1361
820 1367
784 1373
867 1381
293 1399
891 1409
486 1423
1212 1429
147 1433
1096 1439
739 1451
237 1453
64 1459
1202 1471
609 1481
170 1483
1019 1489
612 1499
249 1511
366 1523
1154 1531
619 1543
300 1553
796 1559
21 1567
87 1567
1234 1567
1269 1567
1347 1571
820 1583
1083 1597
94 1607
991 1607
1195 1607
1469 1607
1486 1609
506 1613
805 1613
899 1613
1553 1613
1592 1621
423 1627
367 1657
1083 1663
475 1667
455 1669
1503 1693
1564 1697
690 1699
65 1709
646 1721
1154 1723
993 1733
1518 1747
317 1759
547 1777
1009 1783
433 1787
663 1789
1645 1801
475 1811
486 1811
1503 1811
1761 1811
296 1823
1642 1831
474 1847
1146 1861
1011 1871
221 1873
1239 1879
1805 1889
1175 1901
1756 1913
1756 1913
1910 1931
1810 1933
91 1979
792 1979
1827 1979
1907 1979
87 1987
745 1987
928 1987
1551 1987
382 1993
1942 1997
992 1999
1284 2003
953 2011
4 2017
200 2017
1363 2017
1794 2017
707 2029
1277 2039
