1 3
5 7
9 13
8 17
16 19
19 29
28 31
21 37
36 41
36 43
5 47
45 53
47 59
24 61
39 67
3 71
57 71
60 71
66 71
25 73
61 79
42 83
57 89
39 97
14 101
20 101
70 101
87 101
71 107
96 109
90 113
4 137
43 137
114 137
136 137
131 139
141 157
159 163
125 167
35 173
19 179
118 191
59 193
115 199
171 211
35 223
133 233
81 239
111 251
144 251
149 251
209 251
68 269
9 271
168 281
147 283
169 293
106 311
295 313
69 317
75 331
36 337
242 347
277 349
248 359
12 373
246 373
252 373
346 373
291 397
338 409
171 419
202 421
257 431
6 439
342 443
246 457
94 461
129 463
434 467
288 487
30 491
411 521
14 523
409 541
535 547
8 557
49 563
301 569
323 571
432 577
520 587
42 593
436 599
232 601
61 607
92 607
390 607
501 607
156 613
187 617
25 641
149 641
569 641
634 641
93 643
123 647
648 659
447 661
667 673
444 677
571 683
430 691
674 709
476 719
246 727
569 739
354 743
356 757
391 757
522 757
681 757
39 761
109 761
146 761
253 761
283 769
588 773
59 787
529 797
215 809
429 821
555 823
622 829
154 839
843 853
30 859
277 859
516 859
653 859
31 863
158 911
133 919
860 929
250 941
841 947
44 967
640 971
284 977
122 991
50 1013
386 1013
489 1013
815 1013
823 1021
644 1039
466 1049
674 1051
594 1061
666 1069
517 1087
447 1091
127 1093
310 1097
149 1103
1042 1117
697 1151
386 1153
1064 1163
251 1171
564 1181
700 1187
739 1193
561 1201
799 1213
665 1217
307 1223
662 1229
423 1231
98 1259
554 1259
1177 1259
1232 1259
565 1277
770 1279
994 1289
633 1291
269 1297
1009 1301
770 1303
876 1307
1290 1319
493 1321
166 1327
964 1367
371 1373
530 1399
18 1409
542 1409
1284 1409
1380 1409
1241 1423
423 1427
1232 1429
280 1433
555 1439
1246 1447
524 1451
1038 1453
588 1459
1125 1471
865 1481
1132 1483
631 1489
948 1489
1155 1489
1311 1489
537 1493
446 1499
1093 1531
687 1543
947 1549
453 1553
1124 1559
394 1567
636 1567
1370 1567
1409 1567
490 1571
1476 1579
703 1583
716 1583
1211 1583
1444 1583
1400 1597
799 1601
394 1607
1058 1609
858 1619
884 1621
103 1637
527 1637
796 1637
916 1637
376 1657
54 1667
174 1669
65 1697
787 1699
1114 1721
1020 1723
104 1733
1027 1747
90 1753
842 1753
992 1753
1335 1753
654 1777
1583 1783
794 1801
1270 1811
571 1823
705 1831
1352 1847
924 1861
317 1871
1213 1873
1040 1877
140 1879
190 1879
242 1879
1042 1879
1046 1907
1150 1931
1613 1933
728 1949
1429 1951
1593 1973
435 1979
371 1987
219 1997
1906 1999
1263 2003
311 2011
359 2011
778 2011
1141 2011
286 2029
105 2053
1641 2063
1834 2069
1854 2081
1850 2083
10 2087
496 2087
1035 2087
1742 2087
1686 2089
393 2099
108 2111
1638 2113
970 2129
1340 2161
1964 2179
916 2203
113 2207
2019 2221
31 2237
2203 2239
617 2243
802 2243
992 2243
1758 2243
144 2251
242 2269
1349 2269
2087 2269
2160 2269
58 2273
135 2273
1510 2273
2197 2273
930 2281
1177 2287
1710 2297
2092 2309
797 2311
917 2333
551 2341
1747 2347
902 2351
1033 2357
2307 2377
1854 2381
671 2393
961 2393
1803 2393
2380 2393
577 2411
1555 2423
370 2437
2323 2441
679 2447
2300 2459
1917 2467
703 2473
1996 2477
299 2503
50 2521
577 2521
1495 2521
1843 2521
2141 2539
1029 2549
2278 2551
945 2557
2508 2579
1576 2593
2549 2609
2245 2617
479 2633
977 2659
505 2663
1904 2677
640 2683
1305 2687
1353 2689
2442 2693
2470 2699
2255 2707
415 2711
795 2713
923 2719
2489 2729
644 2731
1129 2741
2046 2753
394 2767
486 2767
774 2767
1907 2767
571 2789
813 2791
1441 2801
95 2803
553 2819
621 2833
2336 2837
2427 2851
2099 2857
2472 2861
2713 2879
1331 2897
1518 2897
1676 2897
2514 2897
405 2903
2297 2903
2432 2903
2749 2903
1991 2917
608 2927
450 2939
1657 2957
1196 2963
782 2971
1392 3011
488 3037
2445 3041
2255 3061
2564 3067
327 3079
704 3079
1445 3079
1926 3079
2804 3083
1619 3089
1662 3109
2512 3119
2520 3121
917 3137
2215 3163
103 3167
741 3169
287 3181
1727 3187
1192 3191
2001 3203
1441 3209
1583 3217
953 3229
16 3257
1884 3259
2574 3307
2371 3313
483 3319
133 3323
359 3329
692 3343
2133 3359
1780 3361
1358 3371
2673 3373
2423 3389
83 3433
1855 3449
2646 3461
1338 3463
975 3467
1082 3469
513 3491
7 3499
311 3511
591 3527
2358 3527
2437 3527
3183 3527
3164 3541
2939 3547
2680 3557
799 3559
2407 3571
994 3581
965 3593
1729 3607
3564 3613
1790 3617
3012 3623
245 3637
543 3643
1349 3643
1843 3643
3034 3643
57 3671
2514 3673
2839 3677
3046 3677
3081 3677
3119 3677
2332 3691
2806 3697
1144 3701
157 3719
1433 3727
2285 3733
3556 3739
1789 3761
833 3767
553 3769
915 3769
2168 3769
3367 3769
372 3779
2091 3779
3201 3779
3517 3779
2551 3793
519 3797
522 3803
1417 3803
3048 3803
3709 3803
135 3821
2112 3823
191 3833
1185 3847
2013 3853
1728 3863
1692 3877
3430 3889
1327 3907
1747 3907
3357 3907
3619 3907
860 3919
1956 3923
3037 3943
1469 3947
2892 3967
3066 3989
248 4001
955 4003
375 4007
1375 4007
2606 4007
3089 4007
458 4013
1616 4019
3034 4049
1593 4051
1540 4073
3817 4079
3115 4091
3290 4093
1722 4099
2809 4111
2342 4127
476 4129
3438 4139
131 4153
2565 4153
3321 4153
3479 4153
1037 4177
3822 4201
1378 4211
2928 4217
1712 4219
230 4231
1173 4241
3058 4243
792 4253
1955 4259
3155 4259
3306 4259
3756 4259
727 4271
475 4273
1535 4273
2023 4273
3906 4273
1042 4297
1458 4327
494 4337
75 4349
2035 4357
3440 4363
4246 4373
435 4391
3519 4397
287 4421
765 4421
4062 4421
4363 4421
122 4423
4213 4441
3527 4447
4241 4451
159 4457
3459 4463
1677 4483
2157 4493
86 4507
1491 4513
1696 4513
2247 4513
2306 4513
815 4517
792 4519
3651 4523
2773 4547
3252 4547
3763 4547
4506 4547
1471 4549
1816 4561
2452 4561
2696 4561
2813 4561
4026 4567
304 4583
316 4597
4534 4603
3508 4621
3573 4643
1564 4649
1192 4657
1481 4657
3940 4657
4035 4657
1084 4663
1245 4663
2449 4663
2553 4663
20 4679
3783 4691
880 4703
935 4721
2253 4723
2865 4729
2119 4751
176 4759
876 4789
1556 4789
2023 4789
3074 4789
4300 4801
4780 4817
1944 4831
3606 4861
545 4871
187 4877
2069 4919
3218 4919
3385 4919
4683 4919
1454 4931
3880 4933
3982 4943
3319 4951
2781 4957
3529 4967
538 4973
2054 4987
3682 4993
4211 4999
3205 5003
2679 5009
3763 5011
3239 5021
3590 5023
537 5039
664 5039
2697 5039
3304 5039
1485 5051
1841 5051
2691 5051
4810 5051
3242 5059
2573 5077
3430 5081
806 5087
1027 5099
550 5101
4257 5107
4801 5113
1689 5119
1702 5147
3375 5153
2521 5179
4565 5197
1096 5209
4637 5227
276 5231
3946 5233
1802 5261
2545 5273
1482 5279
554 5297
705 5297
3223 5297
4602 5297
95 5303
2095 5303
4376 5303
4801 5303
1230 5309
5219 5323
2488 5333
1380 5351
3181 5381
5060 5387
68 5399
2326 5431
3490 5437
745 5443
1828 5443
4023 5443
5071 5443
5414 5449
357 5471
4558 5477
812 5479
4485 5483
662 5501
3762 5503
24 5507
1432 5521
1956 5521
1993 5521
4087 5521
5133 5527
4440 5531
366 5557
1064 5563
201 5569
3212 5569
3580 5569
4944 5569
2352 5573
1469 5581
3097 5591
214 5623
2043 5639
2354 5641
3675 5651
1151 5653
5166 5657
676 5683
3433 5689
801 5693
989 5693
1645 5693
3888 5693
5370 5701
5530 5711
2743 5717
4389 5737
1783 5743
938 5749
3099 5779
4750 5783
1389 5791
3034 5791
3355 5791
5462 5791
3091 5813
88 5827
3883 5839
576 5843
3696 5849
3260 5857
3749 5861
5513 5869
1332 5879
1867 5881
325 5897
1137 5897
3906 5897
5587 5897
3077 5903
1027 5927
2225 5927
3246 5927
3666 5927
5432 5939
3930 5953
1110 5981
2349 5987
1603 6007
1861 6011
4518 6029
4147 6067
170 6073
178 6073
2633 6073
3963 6073
1995 6079
2956 6089
2649 6091
4050 6101
5369 6113
1251 6121
4117 6131
3905 6133
4494 6143
548 6151
1495 6151
3182 6151
5323 6151
5736 6203
971 6211
935 6217
1734 6221
579 6247
3846 6257
112 6263
1905 6269
1480 6271
3207 6277
3398 6277
4951 6277
5485 6277
4173 6287
1987 6299
3643 6299
3953 6299
5718 6299
5097 6317
5532 6329
4821 6337
4127 6343
3183 6353
3744 6359
2136 6361
2944 6367
5573 6373
3714 6379
5461 6389
491 6397
1880 6427
3012 6427
5303 6427
6335 6427
711 6469
6055 6473
5366 6491
1724 6521
849 6529
1756 6529
3850 6529
4741 6529
2778 6569
4577 6571
1439 6577
2560 6577
3554 6577
6544 6577
591 6581
450 6599
265 6619
2962 6637
750 6653
5672 6653
6069 6653
6521 6653
4009 6659
4021 6661
134 6673
166 6673
745 6673
865 6673
452 6689
3937 6689
4549 6689
5399 6689
661 6691
736 6709
1079 6719
4049 6737
2594 6761
2595 6763
565 6781
655 6781
4384 6781
6024 6781
2003 6791
4376 6823
2328 6833
4526 6841
6347 6857
2360 6863
1565 6869
3259 6871
3488 6883
2997 6899
214 6907
2053 6907
3227 6907
6350 6907
2644 6911
4462 6917
1853 6947
3760 6949
2198 6959
2947 6961
4729 6967
4136 6971
5544 6977
5557 6983
2018 6991
5682 6997
6181 7013
2843 7019
4295 7027
2271 7039
3525 7043
4709 7069
6953 7103
1864 7109
836 7121
5114 7129
5792 7151
26 7159
3092 7159
3444 7159
5714 7159
319 7177
2351 7177
2916 7177
3645 7177
5791 7211
6122 7213
4174 7219
3376 7229
4632 7243
4165 7247
690 7307
2523 7307
2815 7307
4414 7307
5044 7321
1080 7331
2178 7331
2864 7331
3307 7331
2353 7349
7191 7351
5212 7369
4348 7393
3583 7417
164 7433
213 7433
519 7433
2293 7433
5931 7451
4854 7477
1758 7481
3667 7487
5336 7499
4841 7507
6640 7517
4305 7523
378 7529
1883 7541
107 7547
1643 7559
2885 7559
3061 7559
3213 7559
1754 7573
6822 7577
4332 7589
2856 7591
6260 7603
5653 7607
7115 7621
2381 7639
2785 7643
1511 7649
1935 7669
5363 7673
714 7699
6735 7703
2046 7717
2585 7723
614 7727
1972 7753
2745 7757
3646 7757
6208 7757
7351 7757
7095 7759
5600 7793
5945 7829
5036 7841
4914 7853
2797 7873
5284 7877
4222 7879
489 7901
1943 7907
838 7919
792 7927
1496 7927
1962 7927
2548 7927
2132 7949
3425 7949
4701 7949
6779 7949
6501 7951
368 7963
4713 7963
5268 7963
6718 7963
366 8009
2313 8009
3277 8009
6633 8009
1605 8011
3256 8017
385 8059
893 8059
1752 8059
7335 8059
307 8069
1932 8069
4241 8069
7356 8069
7056 8081
5785 8093
5749 8101
4123 8111
2617 8117
2176 8123
6598 8147
6863 8161
823 8171
7600 8209
4590 8219
7076 8221
3909 8231
2563 8233
1730 8237
7646 8243
5082 8263
614 8269
3145 8273
4209 8287
1138 8293
1859 8293
4510 8293
6713 8293
5281 8297
6497 8329
4747 8353
455 8363
754 8369
5773 8377
7162 8389
3466 8423
6472 8429
1352 8461
2188 8501
2915 8521
3751 8527
7914 8537
883 8539
621 8543
1810 8543
5799 8543
7639 8543
1967 8573
5882 8573
7333 8573
8091 8573
7005 8581
7242 8597
7607 8599
4772 8609
1500 8623
3016 8623
7897 8623
8532 8623
1285 8627
6248 8629
268 8641
6495 8647
7559 8663
7701 8677
2165 8681
727 8693
3780 8693
8062 8693
8546 8693
2467 8699
6451 8699
6741 8699
7956 8699
5255 8707
5134 8713
1266 8731
4716 8737
8239 8741
3118 8747
1078 8753
7309 8761
290 8779
2907 8783
4670 8803
5554 8807
