1 3
5 11
6 11
7 11
3 13
11 13
17 29
21 29
23 29
26 29
1 37
3 37
31 37
36 37
8 47
16 47
24 47
34 47
29 53
39 53
68 89
69 89
71 89
86 89
76 107
96 107
89 149
96 149
140 149
141 149
43 163
109 163
129 163
140 163
9 197
56 197
72 197
193 197
14 199
21 199
55 199
171 199
74 223
124 223
201 223
218 223
149 227
165 227
177 227
199 227
43 241
44 241
143 241
174 241
57 271
123 271
152 271
221 271
109 293
135 293
148 293
206 293
29 331
46 331
179 331
181 331
17 431
68 431
226 431
295 431
2 439
43 439
87 439
166 439
22 461
58 461
295 461
399 461
4 467
155 467
320 467
390 467
179 547
225 547
393 547
420 547
287 577
364 577
433 577
567 577
46 587
317 587
348 587
435 587
284 599
329 599
513 599
588 599
81 643
106 643
436 643
574 643
57 653
365 653
414 653
439 653
22 661
129 661
352 661
367 661
123 683
418 683
494 683
547 683
266 727
422 727
440 727
556 727
48 743
74 743
168 743
553 743
276 811
360 811
372 811
797 811
187 839
312 839
370 839
617 839
135 857
665 857
730 857
767 857
252 859
418 859
520 859
800 859
30 937
107 937
336 937
846 937
297 941
504 941
548 941
660 941
452 967
600 967
740 967
800 967
100 997
583 997
671 997
684 997
289 1049
293 1049
531 1049
936 1049
382 1097
530 1097
662 1097
868 1097
429 1103
494 1103
1046 1103
1088 1103
124 1109
135 1109
155 1109
240 1109
325 1117
401 1117
746 1117
913 1117
117 1123
638 1123
874 1123
973 1123
8 1151
451 1151
879 1151
1015 1151
335 1153
759 1153
802 1153
1090 1153
124 1181
224 1181
839 1181
1120 1181
618 1213
689 1213
985 1213
1070 1213
187 1229
251 1229
1099 1229
1199 1229
551 1279
819 1279
1060 1279
1115 1279
289 1297
386 1297
732 1297
773 1297
7 1319
527 1319
840 1319
843 1319
32 1321
284 1321
646 1321
778 1321
145 1367
380 1367
609 1367
1288 1367
151 1427
494 1427
1200 1427
1332 1427
393 1447
428 1447
1042 1447
1227 1447
245 1483
519 1483
689 1483
905 1483
390 1493
501 1493
973 1493
1460 1493
901 1499
919 1499
1051 1499
1284 1499
116 1531
358 1531
696 1531
986 1531
185 1579
219 1579
334 1579
1055 1579
21 1583
235 1583
883 1583
1522 1583
299 1597
786 1597
1238 1597
1523 1597
377 1619
913 1619
1211 1619
1398 1619
6 1667
897 1667
1287 1667
1370 1667
898 1697
939 1697
1179 1697
1688 1697
9 1721
90 1721
665 1721
721 1721
125 1753
216 1753
324 1753
1007 1753
413 1759
564 1759
678 1759
1302 1759
427 1787
777 1787
865 1787
1260 1787
545 1801
744 1801
1140 1801
1581 1801
544 1811
678 1811
730 1811
1751 1811
192 1831
613 1831
1132 1831
1474 1831
105 1861
1199 1861
1470 1861
1708 1861
52 1871
1197 1871
1229 1871
1858 1871
188 1951
310 1951
406 1951
957 1951
74 2027
1047 2027
1066 2027
1405 2027
61 2063
793 2063
1509 2063
2043 2063
80 2179
1240 2179
1786 2179
1944 2179
653 2239
1053 2239
1348 2239
1728 2239
71 2251
281 2251
881 2251
1119 2251
1131 2333
1296 2333
1316 2333
1664 2333
309 2339
574 2339
1647 2339
2253 2339
14 2347
560 2347
1699 2347
2313 2347
527 2357
708 2357
1430 2357
1512 2357
88 2381
896 2381
1354 2381
2098 2381
83 2389
688 2389
978 2389
1616 2389
657 2423
658 2423
855 2423
2124 2423
229 2437
898 2437
1753 2437
2325 2437
1245 2551
1313 2551
1849 2551
2433 2551
329 2591
412 2591
2289 2591
2504 2591
1140 2593
1225 2593
1483 2593
1926 2593
137 2621
2266 2621
2395 2621
2468 2621
259 2657
543 2657
921 2657
1295 2657
57 2687
864 2687
1662 2687
2179 2687
427 2719
591 2719
727 2719
2085 2719
263 2731
406 2731
715 2731
725 2731
195 2767
1245 2767
1859 2767
2611 2767
290 2819
1234 2819
1260 2819
2212 2819
204 2851
355 2851
642 2851
2815 2851
705 2861
1210 2861
2298 2861
2418 2861
1166 2887
1628 2887
2663 2887
2809 2887
546 2953
986 2953
1245 2953
2725 2953
1108 3037
1668 3037
1690 3037
2573 3037
61 3049
574 3049
1727 3049
1933 3049
460 3083
584 3083
1930 3083
2490 3083
382 3137
727 3137
1416 3137
1894 3137
212 3167
1023 3167
1542 3167
2548 3167
1046 3229
1051 3229
2275 3229
2525 3229
839 3257
1241 3257
2673 3257
2796 3257
1739 3271
1954 3271
2786 3271
3184 3271
402 3299
1315 3299
1610 3299
2220 3299
1062 3329
1252 3329
1317 3329
3177 3329
5 3407
297 3407
1548 3407
2330 3407
1061 3449
1428 3449
1925 3449
2953 3449
426 3461
600 3461
1121 3461
1470 3461
803 3499
1970 3499
2270 3499
3067 3499
689 3511
1399 3511
2930 3511
3439 3511
1924 3541
2400 3541
2533 3541
2638 3541
666 3547
943 3547
2148 3547
2852 3547
199 3593
2052 3593
2396 3593
2701 3593
188 3617
815 3617
1994 3617
2756 3617
1740 3673
2070 3673
2496 3673
3543 3673
592 3719
1054 3719
3281 3719
3693 3719
875 3727
1217 3727
1439 3727
2397 3727
323 3739
1346 3739
1426 3739
3192 3739
470 3779
1634 3779
2567 3779
3401 3779
127 3853
1858 3853
1863 3853
2981 3853
490 3863
791 3863
2035 3863
2126 3863
425 3931
1510 3931
2389 3931
3358 3931
53 4003
760 4003
868 4003
1047 4003
465 4021
954 4021
1499 4021
1650 4021
2625 4091
2738 4091
2764 4091
2843 4091
1891 4127
2081 4127
2245 4127
3724 4127
282 4177
310 4177
2097 4177
2436 4177
432 4229
2013 4229
2180 4229
3255 4229
2239 4283
3026 4283
3388 4283
4000 4283
500 4289
1568 4289
1781 4289
3363 4289
837 4337
3132 4337
3791 4337
4264 4337
485 4363
519 4363
537 4363
3019 4363
302 4423
1945 4423
3853 4423
4152 4423
475 4451
659 4451
856 4451
2662 4451
1620 4463
2105 4463
2869 4463
3345 4463
473 4547
979 4547
1149 4547
1738 4547
1329 4583
1596 4583
2609 4583
3839 4583
1502 4649
3745 4649
4385 4649
4525 4649
144 4657
1356 4657
1462 4657
1482 4657
522 4663
958 4663
2466 4663
3895 4663
270 4721
1387 4721
1698 4721
3296 4721
94 4733
300 4733
3656 4733
4339 4733
1364 4783
2389 4783
4185 4783
4453 4783
1087 4787
2634 4787
3212 4787
4598 4787
224 4813
1661 4813
3862 4813
4534 4813
2476 4877
3871 4877
3946 4877
4115 4877
422 4933
1697 4933
2790 4933
4283 4933
1018 4957
1664 4957
3051 4957
4405 4957
1844 4969
2879 4969
3135 4969
3208 4969
670 5011
867 5011
1199 5011
2957 5011
149 5039
278 5039
2035 5039
4179 5039
295 5059
1175 5059
2850 5059
4187 5059
721 5077
774 5077
1245 5077
3028 5077
1088 5081
3315 5081
4448 5081
4774 5081
2536 5147
2893 5147
3512 5147
4861 5147
824 5237
1381 5237
4764 5237
5170 5237
872 5399
3813 5399
4164 5399
5138 5399
67 5407
2689 5407
3484 5407
5310 5407
709 5419
3246 5419
3428 5419
3700 5419
886 5431
1792 5431
4291 5431
5126 5431
2588 5449
3647 5449
4537 5449
5326 5449
1137 5501
1624 5501
4637 5501
5353 5501
1555 5519
2565 5519
3520 5519
4651 5519
1737 5521
1845 5521
2675 5521
3027 5521
1157 5647
2716 5647
3456 5647
3707 5647
1214 5711
3039 5711
4694 5711
4810 5711
654 5801
1555 5801
4305 5801
4823 5801
3275 5813
3871 5813
4549 5813
4950 5813
187 5839
1953 5839
2851 5839
4297 5839
1790 5867
2570 5867
3430 5867
3676 5867
774 5879
1993 5879
4025 5879
4163 5879
901 5927
3957 5927
4891 5927
5606 5927
1639 6029
1807 6029
2239 6029
2261 6029
968 6053
4786 6053
5013 6053
6015 6053
1209 6067
1449 6067
4702 6067
5600 6067
509 6079
1440 6079
2061 6079
2344 6079
4328 6091
4450 6091
5140 6091
5738 6091
2912 6133
4430 6133
5818 6133
6074 6133
591 6163
4653 6163
5842 6163
6001 6163
1542 6217
4034 6217
4276 6217
5124 6217
412 6229
1880 6229
3721 6229
5028 6229
5347 6247
5777 6247
5868 6247
6007 6247
529 6263
1135 6263
5187 6263
5389 6263
464 6311
3842 6311
4782 6311
4967 6311
215 6317
2632 6317
2667 6317
5683 6317
24 6323
1677 6323
3909 6323
4448 6323
1317 6343
5721 6343
6109 6343
6169 6343
798 6353
1372 6353
5354 6353
6047 6353
1707 6361
3021 6361
3150 6361
3397 6361
1088 6389
3209 6389
6069 6389
6186 6389
407 6449
1596 6449
3133 6449
6295 6449
1169 6473
2176 6473
3952 6473
4765 6473
373 6481
1453 6481
2316 6481
4989 6481
4156 6563
4471 6563
4933 6563
6426 6563
816 6571
2708 6571
4011 6571
5307 6571
1740 6619
2050 6619
5451 6619
5500 6619
147 6653
5367 6653
5773 6653
5949 6653
3385 6661
5738 6661
5843 6661
5924 6661
1634 6691
4001 6691
6435 6691
6481 6691
2035 6703
2495 6703
3952 6703
4618 6703
179 6793
605 6793
1963 6793
4971 6793
1472 6827
6164 6827
6404 6827
6750 6827
408 6833
3278 6833
6125 6833
6649 6833
1452 6841
1728 6841
3904 6841
4420 6841
341 6883
1753 6883
1997 6883
4355 6883
706 6947
3149 6947
4068 6947
6917 6947
1101 6949
2310 6949
5712 6949
6353 6949
859 6959
1913 6959
5659 6959
5802 6959
239 6967
380 6967
2627 6967
3403 6967
599 6971
1873 6971
2472 6971
3610 6971
666 6997
1449 6997
2792 6997
4315 6997
2177 7103
2779 7103
3772 7103
7091 7103
214 7109
3380 7109
3495 7109
5512 7109
105 7151
4116 7151
5984 7151
6371 7151
1476 7351
2266 7351
4550 7351
4738 7351
956 7517
2365 7517
3925 7517
7445 7517
3171 7537
3230 7537
5728 7537
6027 7537
1721 7573
2364 7573
3355 7573
6672 7573
382 7589
2051 7589
3425 7589
6904 7589
2185 7607
2890 7607
5234 7607
5941 7607
2213 7639
2839 7639
3591 7639
5592 7639
1501 7649
6189 7649
7332 7649
7576 7649
271 7723
634 7723
3925 7723
5349 7723
901 7727
2071 7727
3818 7727
7609 7727
1906 7753
3396 7753
7062 7753
7722 7753
630 7853
2640 7853
2727 7853
7209 7853
393 7873
1729 7873
3598 7873
3941 7873
1638 7901
1896 7901
4251 7901
6220 7901
2023 7937
2960 7937
4718 7937
7254 7937
40 7951
1217 7951
3735 7951
7656 7951
2968 7993
3477 7993
3621 7993
6282 7993
6134 8039
7437 8039
7583 8039
7712 8039
2623 8069
3658 8069
3698 8069
7258 8069
991 8081
1273 8081
1491 8081
4692 8081
854 8161
1179 8161
5341 8161
6350 8161
1350 8171
5100 8171
6969 8171
7750 8171
2279 8179
2996 8179
5913 8179
6284 8179
1550 8219
4200 8219
6395 8219
7654 8219
620 8221
1781 8221
2173 8221
3272 8221
2579 8231
3707 8231
3767 8231
4537 8231
1522 8243
2877 8243
3987 8243
7724 8243
469 8269
3566 8269
6281 8269
8100 8269
2991 8387
3036 8387
3778 8387
5824 8387
917 8431
3538 8431
4130 8431
7126 8431
322 8467
964 8467
2323 8467
6781 8467
982 8539
3024 8539
3504 8539
7626 8539
1892 8543
3832 8543
5508 8543
6241 8543
1428 8573
2145 8573
5560 8573
7622 8573
3487 8597
7502 8597
7655 8597
8318 8597
811 8599
1710 8599
3883 8599
4148 8599
258 8629
1051 8629
1740 8629
4402 8629
591 8677
6080 8677
7314 8677
8495 8677
2910 8681
3220 8681
7047 8681
7735 8681
1621 8707
2287 8707
7015 8707
7677 8707
