2 11
3 11
10 11
15 41
21 41
24 41
21 43
1 47
10 47
11 47
11 59
23 59
53 59
6 97
50 97
88 97
27 107
30 107
102 107
12 113
65 113
91 113
38 127
59 127
92 127
14 131
20 131
30 131
36 137
56 137
112 137
48 151
83 151
94 151
15 173
29 173
41 173
5 193
32 193
58 193
148 199
173 199
175 199
146 211
186 211
194 211
38 223
88 223
207 223
101 257
135 257
148 257
16 269
37 269
80 269
29 293
196 293
213 293
89 317
190 317
195 317
104 379
218 379
245 379
27 383
173 383
373 383
37 389
64 389
92 389
126 409
236 409
250 409
13 419
266 419
348 419
23 431
198 431
424 431
102 457
281 457
301 457
103 557
271 557
460 557
52 563
287 563
504 563
67 601
311 601
522 601
181 613
269 613
468 613
382 641
606 641
613 641
260 643
312 643
391 643
139 647
297 647
533 647
259 653
351 653
368 653
7 661
50 661
272 661
146 677
417 677
451 677
149 709
263 709
650 709
99 727
442 727
548 727
35 733
57 733
273 733
101 739
443 739
563 739
521 773
689 773
721 773
196 809
319 809
697 809
41 821
500 821
689 821
197 839
297 839
763 839
260 859
383 859
644 859
356 881
467 881
497 881
282 887
421 887
626 887
259 907
306 907
794 907
68 911
628 911
669 911
392 919
483 919
502 919
441 947
459 947
519 947
327 967
391 967
731 967
190 991
393 991
902 991
667 997
873 997
951 997
67 1021
111 1021
331 1021
40 1031
643 1031
862 1031
134 1033
689 1033
725 1033
795 1091
881 1091
1050 1091
399 1097
432 1097
813 1097
714 1117
979 1117
1098 1117
151 1129
526 1129
1015 1129
775 1153
983 1153
1123 1153
732 1163
1025 1163
1149 1163
340 1193
500 1193
948 1193
91 1231
739 1231
1015 1231
210 1249
723 1249
939 1249
205 1279
477 1279
1235 1279
861 1289
1122 1289
1238 1289
371 1291
492 1291
1072 1291
329 1301
387 1301
1234 1301
338 1423
727 1423
1068 1423
28 1427
127 1427
557 1427
945 1451
1294 1451
1387 1451
312 1483
803 1483
1108 1483
9 1489
977 1489
1246 1489
163 1549
996 1549
1163 1549
541 1559
576 1559
1220 1559
430 1583
967 1583
976 1583
356 1607
525 1607
1528 1607
147 1613
918 1613
1353 1613
197 1669
707 1669
1598 1669
412 1693
467 1693
1659 1693
726 1699
899 1699
922 1699
334 1709
909 1709
1319 1709
545 1721
683 1721
1352 1721
315 1741
797 1741
1498 1741
607 1747
865 1747
1147 1747
135 1759
1051 1759
1451 1759
639 1847
979 1847
1151 1847
367 1871
678 1871
1760 1871
272 1913
723 1913
1873 1913
704 1931
888 1931
1303 1931
1174 1933
1756 1933
1901 1933
443 1951
795 1951
1687 1951
156 1979
298 1979
534 1979
