1 3
2 3
3 7
6 7
5 11
11 13
9 17
6 23
3 31
20 37
1 43
8 43
9 43
10 43
4 47
48 53
18 59
27 61
30 67
55 73
62 79
15 83
50 83
78 83
79 83
4 89
85 101
49 103
37 107
34 109
6 113
9 113
16 113
46 113
2 127
30 127
58 127
73 127
82 131
8 137
111 149
80 151
43 157
73 163
49 173
42 179
29 191
100 193
67 199
77 211
78 211
87 211
199 211
93 227
164 229
220 233
46 241
188 257
45 263
261 269
188 271
21 277
5 283
49 307
53 307
88 307
207 307
143 311
93 313
139 317
245 331
320 347
11 349
155 349
159 349
336 349
134 353
295 359
31 367
358 373
25 383
98 389
197 397
150 401
10 409
303 431
334 439
12 443
173 449
183 449
246 449
249 449
190 457
234 463
325 463
334 463
355 463
378 467
291 479
420 487
138 491
210 491
277 491
404 491
130 499
32 509
205 521
218 523
517 541
12 557
384 563
77 569
568 571
29 577
215 593
152 599
16 601
34 601
254 601
355 601
458 607
426 613
239 619
437 641
414 647
528 653
540 661
203 673
363 673
596 673
653 673
81 677
255 683
53 691
336 709
343 719
417 733
338 739
304 751
366 761
405 773
446 787
182 797
485 797
488 797
676 797
400 809
322 821
41 823
817 829
480 857
492 859
857 863
517 877
433 887
666 907
488 919
527 929
321 937
447 937
508 937
877 937
439 941
618 947
393 971
914 977
185 983
661 991
530 997
387 1009
688 1009
850 1009
999 1009
627 1013
695 1019
30 1021
42 1021
119 1021
930 1021
636 1031
193 1033
288 1039
749 1061
746 1069
1055 1087
37 1097
601 1103
506 1109
288 1117
114 1123
646 1129
680 1151
705 1153
65 1171
375 1181
1045 1187
298 1193
939 1201
182 1213
27 1223
935 1229
757 1231
1150 1231
848 1237
497 1249
1105 1277
965 1279
1161 1283
1259 1291
871 1297
888 1307
1226 1319
1177 1321
590 1327
79 1361
202 1367
22 1373
356 1373
906 1373
1048 1373
192 1381
637 1409
1138 1423
918 1433
628 1439
1234 1447
414 1451
1032 1453
1264 1459
696 1481
686 1483
794 1483
1165 1483
1357 1483
1029 1487
611 1489
1399 1493
309 1511
314 1511
1251 1511
1297 1511
283 1523
721 1531
534 1543
50 1549
897 1559
52 1571
616 1579
277 1597
738 1597
1093 1597
1563 1597
718 1601
523 1607
1177 1613
628 1619
757 1621
842 1627
228 1657
357 1663
802 1669
65 1693
324 1693
1172 1693
1315 1693
1024 1697
224 1699
41 1721
46 1721
195 1721
1609 1721
106 1723
506 1723
773 1723
1542 1723
559 1733
105 1741
431 1747
342 1753
108 1759
758 1783
921 1787
1092 1789
120 1801
764 1811
1649 1823
1813 1831
414 1861
656 1861
1041 1861
1795 1861
976 1867
603 1871
235 1873
22 1877
443 1877
697 1877
1276 1877
496 1879
178 1889
558 1889
1035 1889
1816 1889
1885 1901
680 1907
1186 1913
160 1949
1073 1951
381 1979
143 1987
460 1987
776 1987
1202 1987
963 1993
1508 1997
131 1999
866 2011
73 2017
117 2017
735 2017
1695 2017
1050 2027
1821 2039
425 2053
324 2063
2016 2069
991 2081
1417 2083
1934 2089
692 2111
1497 2131
275 2137
398 2141
408 2141
642 2141
905 2141
274 2143
474 2143
770 2143
2123 2143
1895 2153
1494 2161
1933 2179
675 2203
1241 2207
1964 2221
1551 2237
1016 2239
1645 2239
1721 2239
2109 2239
397 2243
2206 2251
779 2273
20 2287
1951 2293
66 2311
542 2311
919 2311
1013 2311
234 2333
1603 2341
394 2347
737 2357
1298 2371
884 2377
1123 2383
2075 2389
566 2393
1366 2393
2198 2393
2329 2393
850 2399
684 2411
639 2417
766 2441
1945 2447
1414 2459
1903 2467
688 2473
446 2503
360 2531
846 2539
1970 2543
2095 2551
102 2557
379 2579
527 2591
898 2591
1979 2591
2035 2591
926 2593
245 2609
405 2621
196 2657
424 2659
483 2659
1670 2659
2473 2659
1542 2663
1532 2671
1749 2677
338 2683
843 2689
1238 2689
1443 2689
1583 2689
2652 2693
2609 2699
382 2707
2037 2711
982 2713
1145 2719
285 2729
978 2729
1627 2729
2293 2729
2332 2741
192 2749
1320 2753
540 2767
952 2777
286 2789
828 2791
83 2797
852 2803
2167 2819
1853 2833
718 2837
477 2843
634 2843
1241 2843
2479 2843
372 2851
2151 2861
188 2879
324 2887
433 2903
1687 2909
2761 2917
2463 2957
2270 2963
1706 2971
991 2999
934 3001
1447 3019
2456 3041
1302 3049
24 3061
336 3067
667 3067
725 3067
2257 3067
2396 3083
497 3089
3086 3119
1198 3167
2227 3169
127 3181
1878 3187
1916 3203
1613 3209
1478 3217
915 3221
1357 3221
1482 3221
3008 3221
994 3229
650 3251
466 3253
653 3257
1154 3259
2926 3271
2689 3299
2491 3301
2123 3307
1679 3313
978 3323
646 3329
2476 3343
1982 3371
316 3391
2928 3407
2508 3413
2993 3433
1246 3449
2126 3461
837 3463
2205 3467
3273 3469
2944 3491
2928 3511
2325 3517
1323 3527
1364 3527
2366 3527
3057 3527
530 3529
736 3529
2287 3529
3150 3529
2574 3533
2186 3539
79 3541
532 3541
900 3541
2382 3541
2446 3547
169 3557
619 3557
736 3557
3098 3557
520 3559
1504 3571
2939 3571
3263 3571
3362 3571
340 3581
640 3593
3095 3607
2578 3617
1413 3623
2544 3631
2812 3637
1174 3643
3166 3659
1852 3671
2463 3673
1933 3677
961 3691
902 3701
464 3719
3000 3727
2488 3733
3424 3761
1674 3769
2023 3797
109 3803
2534 3833
31 3847
1069 3851
3437 3851
3707 3851
3723 3851
1490 3853
761 3863
2738 3863
3198 3863
3731 3863
1764 3881
2643 3889
1733 3911
2848 3917
641 3923
2597 3929
225 3931
3376 3943
2461 3967
234 4001
479 4007
1751 4013
918 4021
2049 4027
522 4049
1768 4051
2907 4057
1974 4073
2624 4073
2874 4073
3523 4073
1249 4079
3063 4091
2572 4093
463 4099
2362 4111
1527 4127
2913 4133
729 4139
2301 4153
1037 4157
2197 4157
2448 4157
3877 4157
2170 4177
1525 4211
94 4217
1427 4219
2944 4231
810 4253
1919 4259
2689 4261
2534 4273
4171 4289
128 4337
691 4349
3271 4357
4179 4363
4160 4373
3735 4391
4347 4421
2902 4441
1557 4447
2035 4457
3416 4463
1780 4483
1750 4513
4314 4517
185 4519
2380 4523
2613 4523
3500 4523
3717 4523
3288 4547
1516 4561
2972 4567
2350 4583
1115 4597
4166 4603
1403 4621
1907 4621
1940 4621
4452 4621
652 4637
1987 4639
4373 4643
1407 4651
2335 4657
2243 4673
4352 4679
997 4703
1228 4703
1443 4703
4325 4703
704 4721
1016 4723
541 4729
2228 4751
1678 4759
3516 4759
4190 4759
4415 4759
253 4783
1919 4793
2519 4799
230 4801
592 4801
2124 4801
2333 4801
2572 4813
2499 4831
3776 4831
3970 4831
4729 4831
1923 4861
973 4877
4568 4889
329 4903
4061 4909
2936 4919
1416 4931
2174 4933
1760 4937
1576 4951
419 4967
2120 4973
2761 4987
2969 4993
17 4999
1320 4999
3291 4999
4868 4999
40 5003
4238 5009
1811 5011
2540 5011
2885 5011
3285 5011
38 5021
517 5023
2794 5051
2456 5059
2104 5077
355 5081
2500 5081
3643 5081
4170 5081
4684 5087
730 5099
148 5101
758 5107
677 5113
189 5119
1447 5147
947 5171
1785 5189
3518 5197
2819 5227
4836 5231
568 5233
1014 5237
1409 5237
4436 5237
5184 5237
1115 5261
3036 5273
246 5279
2006 5279
3057 5279
4719 5279
1025 5281
5044 5297
3505 5303
678 5309
339 5323
731 5351
4619 5381
5206 5387
40 5393
4776 5399
480 5407
4411 5413
2399 5437
2397 5441
4243 5443
4880 5449
4827 5471
1232 5477
3331 5479
1891 5483
3449 5507
1276 5519
1353 5521
734 5527
5014 5563
698 5569
4844 5581
1979 5591
5599 5623
4202 5639
2964 5647
1335 5651
767 5653
4070 5659
2721 5689
2381 5693
1641 5701
3347 5717
5096 5737
2436 5743
772 5749
1287 5779
2880 5791
1195 5801
4738 5807
5305 5813
3718 5821
4647 5827
741 5843
1744 5849
1039 5857
5392 5861
1328 5867
3877 5867
4142 5867
4145 5867
816 5869
119 5897
846 5903
636 5927
4946 5939
447 5953
1745 5981
2712 5987
735 6007
1458 6007
5714 6007
5907 6007
1715 6011
3123 6029
2670 6037
2388 6043
4367 6053
3398 6067
6066 6073
1000 6079
1788 6089
3084 6089
3150 6089
3545 6089
2582 6101
1151 6113
5523 6121
1114 6133
2276 6133
2825 6133
4209 6133
901 6143
3443 6151
3702 6163
2704 6197
1078 6199
731 6211
1385 6217
2484 6217
4258 6217
6170 6217
3572 6221
2159 6247
4577 6263
2318 6269
5319 6277
382 6311
240 6317
1982 6323
449 6329
1295 6329
1832 6329
2118 6329
6252 6337
6021 6353
1995 6359
3894 6361
3733 6367
4593 6373
1448 6379
5616 6389
1036 6421
1917 6449
653 6451
2251 6473
5268 6491
3706 6521
1269 6529
4952 6547
2318 6551
2725 6551
3971 6551
4741 6551
3937 6563
2476 6569
850 6571
4481 6577
1874 6599
2864 6619
6487 6653
3323 6659
819 6661
549 6673
201 6679
2749 6679
3276 6679
6462 6679
3216 6689
6010 6701
223 6703
2075 6709
6668 6737
1158 6779
6718 6781
1595 6791
2797 6791
3925 6791
5942 6791
1771 6793
4255 6823
5851 6827
2656 6829
990 6833
1347 6833
2463 6833
6814 6833
607 6841
6170 6857
1175 6863
6253 6869
2289 6871
4817 6883
1867 6899
5875 6907
6468 6911
2198 6947
5644 6949
5754 6961
2377 6967
3271 6971
5016 6971
6388 6971
6933 6971
585 6977
1843 6983
3317 6991
1698 6997
15 7013
609 7013
5198 7013
6098 7013
3910 7019
917 7039
2910 7043
4594 7043
5454 7043
6056 7043
5513 7079
3332 7103
4308 7109
4055 7121
2767 7129
3344 7151
611 7159
5547 7177
2462 7187
4387 7193
2669 7207
4804 7213
3051 7219
5624 7229
6932 7243
4335 7247
1757 7283
4629 7297
6790 7331
32 7333
4711 7369
2624 7411
4919 7417
6191 7451
642 7457
4165 7459
1530 7481
6231 7487
5945 7499
7460 7507
5046 7523
2210 7529
6049 7537
3599 7541
879 7549
7101 7577
2350 7583
1563 7589
2754 7589
3756 7589
6344 7589
3275 7591
812 7607
4246 7621
2213 7639
1616 7643
2427 7643
3061 7643
5887 7643
4716 7649
2582 7669
2325 7681
6309 7691
346 7703
3737 7717
5353 7723
765 7741
4115 7741
4671 7741
6703 7741
4719 7753
21 7759
7713 7789
6322 7793
7664 7817
562 7823
852 7829
5787 7873
2426 7877
5190 7879
5342 7901
2787 7907
569 7919
2387 7927
7217 7933
742 7949
724 7951
968 7951
2402 7951
4650 7951
6781 7963
4261 8011
1336 8017
1426 8039
3651 8053
1999 8059
5215 8069
7273 8081
1695 8087
887 8089
2651 8101
816 8111
7374 8117
1110 8123
1425 8147
4393 8147
5787 8147
7131 8147
3553 8167
2541 8171
3862 8179
6912 8209
2086 8219
2395 8219
3216 8219
7917 8219
243 8221
2556 8231
3421 8231
5469 8231
5837 8231
3279 8237
6900 8243
688 8263
4415 8269
83 8287
187 8287
2417 8287
8084 8287
3060 8291
751 8293
2676 8297
8047 8311
7668 8353
560 8363
4220 8369
2499 8377
3456 8389
4166 8419
598 8423
3910 8431
7768 8447
3049 8461
1422 8467
2764 8501
4799 8521
6509 8537
4509 8543
2519 8563
6414 8573
1150 8581
3542 8581
5227 8581
8099 8581
2037 8597
4691 8597
5522 8597
7521 8597
957 8599
1096 8627
2480 8629
3028 8641
5169 8647
3287 8663
3300 8669
1305 8677
1214 8689
431 8693
607 8693
5273 8693
8465 8693
573 8699
5693 8713
7110 8719
3206 8731
184 8741
4185 8747
7630 8753
1595 8761
8146 8783
6627 8803
92 8821
3990 8821
7036 8821
7404 8821
3845 8831
5488 8837
8347 8839
2976 8861
3933 8861
4633 8861
7064 8861
1280 8863
6907 8863
7624 8863
8117 8863
3201 8867
6990 8887
3492 8893
445 8923
3627 8929
8314 8941
4888 8951
1902 8963
5310 8969
7655 8971
3911 8999
5573 9007
3118 9011
6242 9013
7829 9041
648 9049
5681 9067
6590 9091
4727 9103
2726 9109
8166 9133
6829 9137
276 9151
1631 9157
2004 9157
3452 9157
4815 9157
3962 9161
5505 9173
3916 9181
8573 9187
1791 9203
663 9209
2772 9221
1402 9239
4757 9239
5512 9239
5881 9239
87 9241
3044 9241
7268 9241
9005 9241
4575 9257
4554 9277
1777 9283
3062 9283
5167 9283
5773 9283
5775 9293
9081 9319
1996 9323
2847 9323
3026 9323
7978 9323
2253 9341
6296 9343
766 9349
8184 9371
6328 9377
1385 9391
8552 9397
3167 9403
6072 9413
9345 9419
5661 9421
7258 9421
7785 9421
8499 9421
3861 9431
311 9433
5055 9439
4467 9461
1203 9463
4323 9463
4673 9463
5886 9463
9333 9467
7368 9473
1509 9479
4663 9479
5636 9479
6200 9479
2847 9497
1773 9511
6431 9539
3156 9547
3297 9547
7434 9547
8069 9547
860 9551
3417 9587
9040 9601
4060 9613
6852 9623
863 9629
1859 9643
4942 9649
3701 9677
1901 9679
7408 9697
4569 9719
8417 9721
2662 9733
9386 9739
4430 9749
7387 9767
5823 9769
3062 9781
1095 9787
2004 9787
3259 9787
6363 9787
9754 9791
8383 9803
6419 9811
1193 9817
854 9829
5665 9829
6048 9829
6106 9829
1433 9833
9010 9839
6798 9851
2827 9859
8607 9887
3013 9901
7620 9907
6254 9923
6601 9929
6281 9931
8137 9949
9131 9973
1022 10007
531 10061
7091 10067
7549 10067
8537 10067
10042 10067
3270 10069
4447 10091
8494 10099
2056 10103
2524 10111
241 10133
4212 10139
8833 10141
337 10151
394 10151
760 10151
9673 10151
9887 10159
394 10169
5856 10181
1422 10211
8789 10223
3532 10243
4789 10253
8350 10259
505 10267
9971 10271
447 10273
3956 10301
9788 10313
536 10321
2513 10333
3149 10333
3805 10333
8097 10333
9056 10337
6832 10343
6645 10357
7653 10369
999 10391
954 10399
7807 10427
4289 10433
2164 10453
2405 10457
3489 10457
8837 10457
9318 10457
4337 10463
3634 10477
1436 10487
1574 10487
2895 10487
7726 10487
4603 10499
7055 10499
9216 10499
9571 10499
2396 10531
1622 10559
9102 10567
7296 10589
3064 10601
1919 10607
998 10613
8554 10613
8977 10613
10124 10613
8785 10631
9744 10651
8663 10657
3804 10663
4870 10687
1053 10691
1226 10709
4195 10709
6596 10709
8328 10709
3062 10729
3097 10733
7195 10771
877 10789
7001 10799
1183 10831
3295 10847
6761 10853
1770 10859
10217 10861
1153 10867
4622 10883
6779 10889
9405 10903
5348 10909
3061 10937
2204 10939
10173 10957
4273 10973
459 10979
3066 10987
2243 10993
2435 11003
2885 11003
6621 11003
6762 11003
1477 11027
1567 11047
6118 11047
6870 11047
10851 11047
311 11057
9550 11069
3315 11071
3793 11083
25 11093
770 11113
3007 11119
5647 11149
9959 11161
2749 11177
9542 11197
4735 11239
6201 11251
1812 11261
2321 11273
6766 11279
7220 11287
1275 11317
7790 11321
1341 11329
868 11351
2025 11393
775 11399
7636 11443
4879 11447
2069 11471
2882 11483
7436 11489
6171 11491
3609 11497
10681 11503
5830 11519
1206 11527
2185 11587
3068 11593
4076 11593
6107 11593
6455 11593
10996 11597
6909 11617
2384 11633
4097 11633
6180 11633
7113 11633
5853 11657
8260 11681
3658 11699
6727 11701
295 11717
3084 11717
5617 11717
6234 11717
1229 11731
6313 11731
8115 11731
8976 11731
10586 11743
2239 11777
11179 11779
7683 11783
2795 11801
5317 11801
6716 11801
9952 11801
6447 11807
2277 11813
11744 11821
708 11827
5419 11831
6145 11831
6511 11831
6768 11831
5991 11833
3871 11839
2018 11863
4700 11867
6951 11897
9679 11903
279 11909
6704 11923
10685 11933
2717 11939
5912 11941
9635 11941
9699 11941
11769 11941
5145 11953
1302 11959
2237 11969
3279 11969
8330 11969
8893 11969
4333 11971
6169 11971
6800 11971
7835 11971
1526 11981
10457 11987
8479 12007
8399 12037
9053 12043
371 12049
10314 12071
11217 12073
509 12101
6205 12107
66 12109
7256 12109
7278 12109
8405 12109
11663 12113
5338 12119
5267 12143
6953 12149
9099 12157
10526 12161
1587 12163
11502 12197
1436 12203
9813 12211
7189 12227
9653 12239
135 12241
4500 12251
5662 12251
6435 12251
9128 12251
10846 12253
4715 12269
7264 12281
1956 12289
8810 12301
2215 12323
153 12329
9706 12343
622 12347
1694 12347
5727 12347
8006 12347
223 12373
8337 12379
8079 12401
8396 12409
191 12413
3441 12421
11188 12437
5987 12451
2715 12457
2326 12473
5425 12473
6544 12473
6907 12473
6703 12479
1937 12491
2486 12497
2896 12511
3253 12527
4241 12539
1825 12541
8931 12547
8327 12553
6242 12569
7616 12577
1882 12583
1758 12589
11440 12611
4896 12613
8022 12613
10281 12613
10854 12613
6821 12619
9286 12637
4198 12647
7120 12653
10001 12659
12489 12689
740 12697
2812 12697
4654 12697
8298 12697
370 12703
2570 12721
8995 12743
2931 12757
11490 12763
3577 12791
5910 12799
8725 12821
4799 12829
6861 12841
1335 12889
10803 12899
6898 12911
3923 12917
618 12919
5593 12941
1528 12953
8171 12959
5241 12967
1313 12973
12121 12983
4920 13001
9709 13003
4800 13009
5143 13037
4594 13043
3497 13093
4838 13099
6895 13109
6653 13121
4060 13127
1747 13151
11812 13163
6777 13171
1587 13177
4792 13183
6615 13219
11639 13241
3901 13249
4079 13267
8664 13291
10970 13297
11832 13309
1662 13331
6813 13337
5655 13339
1286 13367
11329 13381
428 13411
7209 13411
10186 13411
10338 13411
3445 13417
11460 13421
5938 13441
6767 13441
6942 13441
8577 13441
43 13451
6320 13457
10420 13463
6863 13477
131 13487
5562 13499
9773 13513
6410 13523
6707 13523
10018 13523
13375 13523
2328 13537
3206 13537
3603 13537
8459 13537
8718 13577
2721 13591
9966 13597
11763 13613
4426 13619
6506 13627
3632 13633
3887 13649
4691 13649
8182 13649
9171 13649
11722 13669
2260 13679
2832 13679
9129 13679
11767 13679
6352 13681
10748 13687
992 13697
13316 13709
3296 13711
13636 13723
2061 13729
5654 13751
5305 13757
12809 13759
2729 13763
4107 13763
7259 13763
9300 13763
6183 13781
1903 13789
5141 13789
8419 13789
10734 13789
8428 13799
12281 13807
13236 13829
7580 13841
1834 13859
5042 13859
5641 13859
13813 13859
13020 13877
6930 13879
9207 13883
9314 13907
225 13913
4716 13921
6959 13933
652 13963
3129 13967
248 13997
2030 14009
8386 14011
3178 14029
11589 14029
11981 14029
13934 14029
1579 14033
3476 14051
9662 14081
9783 14087
5206 14107
8884 14143
7526 14149
13943 14159
5519 14173
14150 14177
4450 14207
6028 14221
4017 14243
9713 14249
1138 14251
3608 14251
5356 14251
5572 14251
3434 14303
9534 14327
3415 14341
4759 14347
12837 14369
12941 14387
10210 14389
3246 14401
8587 14411
5833 14423
1621 14431
5339 14437
13611 14479
13499 14537
6408 14543
14395 14549
354 14551
7325 14557
5908 14563
9624 14591
12343 14593
8495 14621
13206 14627
3487 14633
9674 14639
14444 14653
10926 14669
7003 14683
14218 14717
3864 14723
12111 14731
7030 14737
12537 14747
9648 14753
11439 14759
550 14767
11319 14779
10270 14821
5587 14831
7317 14843
13066 14851
12352 14879
705 14887
728 14891
159 14929
3797 14947
2375 14957
12332 14969
7727 14983
12595 15013
13155 15017
8676 15031
8240 15053
7277 15061
8123 15073
13963 15083
10652 15101
8076 15131
7627 15137
9747 15139
951 15149
1470 15149
2114 15149
9097 15149
8195 15173
7053 15187
11062 15193
2448 15199
14623 15227
8122 15241
76 15259
2198 15259
3449 15259
8008 15259
11184 15263
9254 15269
10556 15271
2664 15277
398 15287
10757 15287
10806 15287
13197 15287
13534 15299
5079 15307
2459 15313
12729 15319
937 15329
1248 15329
11839 15329
15099 15329
6290 15349
10088 15361
753 15377
12836 15383
3718 15391
1552 15439
7074 15451
4488 15461
14839 15467
4135 15473
2214 15493
3625 15497
6899 15497
9714 15497
15403 15497
4719 15527
5356 15527
11171 15527
14464 15527
14735 15551
4232 15559
246 15583
4851 15583
8770 15583
12622 15583
12991 15601
15157 15607
445 15619
6645 15629
14439 15641
13323 15643
4061 15647
13698 15649
13307 15661
11853 15671
14702 15683
13528 15727
11247 15731
3698 15733
2462 15739
15391 15761
10935 15767
1249 15773
1431 15787
8623 15797
7852 15803
1655 15809
12548 15817
12749 15823
12140 15859
1988 15881
7191 15887
15589 15901
4785 15907
5096 15913
5995 15923
3743 15937
4575 15971
3552 15991
10010 16001
10291 16001
13531 16001
15769 16001
3193 16007
2688 16033
4886 16061
3966 16063
1799 16067
438 16069
12780 16091
10474 16097
811 16103
13664 16111
12030 16139
8532 16187
11959 16189
6273 16193
12679 16217
1343 16223
1861 16229
16158 16231
13824 16249
14150 16273
12615 16301
4900 16319
10264 16333
1147 16349
11876 16361
11109 16363
15811 16369
2802 16411
6806 16417
5630 16421
7992 16421
8430 16421
12430 16421
11856 16427
8502 16433
16329 16447
7773 16453
230 16477
9578 16477
13007 16477
15080 16477
14825 16481
11396 16487
4881 16493
10869 16493
13798 16493
14981 16493
12750 16529
6110 16553
5840 16567
12448 16573
16416 16607
3496 16649
4230 16651
16509 16657
350 16661
4576 16661
14627 16661
15433 16661
2367 16691
12171 16693
1164 16699
12477 16741
1378 16747
1194 16763
15908 16811
14521 16823
1549 16829
2190 16829
2487 16829
8918 16829
4660 16831
5628 16879
2240 16883
7198 16883
9133 16883
10128 16883
14017 16889
8689 16901
8549 16903
16573 16921
5950 16927
6829 16927
10268 16927
15883 16927
16776 16931
4897 16937
3742 16943
4701 16963
16741 16979
13616 16987
1978 16993
11845 17021
4692 17027
4430 17029
16534 17033
14385 17041
6566 17047
5551 17077
4735 17099
3543 17107
6906 17107
13589 17107
15306 17107
13485 17117
2507 17123
11465 17123
16002 17123
16256 17123
11752 17159
12610 17167
5774 17183
15381 17189
7845 17191
13216 17191
16061 17191
16168 17191
1821 17203
12648 17209
16145 17231
13998 17239
4262 17257
899 17293
3757 17299
8947 17321
12925 17327
7056 17333
10290 17333
12550 17333
16901 17333
16122 17341
17026 17351
16921 17377
10342 17383
5715 17389
9989 17389
17344 17389
17378 17389
14945 17393
7103 17401
12822 17401
16867 17401
17149 17401
6006 17419
5014 17449
12337 17467
13725 17477
12696 17483
5458 17489
9711 17491
882 17497
13042 17509
14657 17519
8083 17539
14625 17551
15722 17573
5761 17579
5042 17581
12458 17597
14462 17597
15101 17597
16047 17597
13554 17609
3527 17623
15986 17657
4793 17659
393 17681
8177 17681
13884 17681
14674 17681
16464 17707
15133 17713
15195 17729
13201 17747
11111 17749
14276 17761
5044 17783
12795 17789
823 17791
9223 17827
1673 17837
2004 17837
2918 17837
16591 17837
8807 17839
9027 17881
16428 17903
3452 17909
6811 17911
16475 17923
17526 17929
916 17939
2589 17957
14820 17959
11165 17971
16336 17981
3197 17987
2724 17989
5394 17989
10322 17989
15737 17989
8280 18013
2082 18041
17093 18043
13287 18049
13669 18077
4533 18089
5018 18089
8519 18089
16297 18089
17845 18097
17908 18119
16828 18121
11622 18127
295 18133
6369 18143
13331 18143
13831 18143
15453 18143
4464 18149
11005 18169
11612 18181
9662 18191
6105 18199
9164 18199
9324 18199
9983 18199
742 18211
11280 18217
5088 18223
17759 18233
2486 18251
356 18253
12797 18287
4669 18289
17109 18301
9127 18307
4721 18313
5008 18313
10474 18313
10927 18313
