1 2
1 2
1 3
2 3
5 13
10 13
2 17
3 17
9 17
9 29
20 29
24 29
28 53
29 53
40 53
40 67
47 67
58 67
10 71
56 71
64 71
26 79
30 79
36 79
23 103
28 103
69 103
53 151
135 151
139 151
8 223
97 223
155 223
29 229
95 229
143 229
42 233
63 233
89 233
46 271
96 271
174 271
7 283
104 283
219 283
73 307
110 307
175 307
73 317
223 317
285 317
98 349
139 349
170 349
163 353
224 353
260 353
46 359
82 359
171 359
48 383
295 383
359 383
19 397
188 397
256 397
168 401
259 401
308 401
178 419
276 419
314 419
48 433
51 433
406 433
159 461
289 461
397 461
260 479
297 479
321 479
6 487
137 487
425 487
200 499
425 499
456 499
125 503
300 503
497 503
290 571
465 571
482 571
17 601
252 601
432 601
140 607
217 607
351 607
182 613
544 613
602 613
200 617
448 617
483 617
107 631
109 631
520 631
105 647
175 647
259 647
24 709
395 709
408 709
172 727
304 727
372 727
89 757
182 757
612 757
31 761
212 761
391 761
131 809
617 809
735 809
433 811
624 811
700 811
489 823
646 823
648 823
14 883
410 883
606 883
360 887
467 887
799 887
502 907
566 907
897 907
400 911
595 911
675 911
51 919
224 937
302 937
567 937
42 953
818 953
887 953
575 967
735 967
785 967
58 971
177 971
574 971
214 977
293 977
307 977
143 983
155 983
521 983
235 991
944 991
968 991
533 997
672 997
955 997
30 1021
492 1021
669 1021
327 1061
687 1061
931 1061
194 1063
445 1063
601 1063
119 1093
335 1093
821 1093
430 1109
667 1109
936 1109
250 1123
458 1123
602 1123
484 1129
977 1129
985 1129
233 1151
910 1151
967 1151
67 1153
517 1153
761 1153
441 1187
758 1187
977 1187
12 1231
282 1231
1142 1231
56 1237
215 1237
1172 1237
11 1249
95 1249
102 1249
254 1303
417 1303
849 1303
18 1321
65 1321
137 1321
635 1327
939 1327
1301 1327
593 1361
779 1361
1123 1361
37 1487
304 1487
898 1487
446 1489
491 1489
800 1489
77 1493
1303 1493
1357 1493
735 1523
745 1523
1312 1523
147 1531
410 1531
1229 1531
50 1543
88 1543
119 1543
47 1549
568 1549
1192 1549
70 1553
1376 1553
1401 1553
975 1567
1101 1567
1319 1567
237 1579
615 1579
990 1579
257 1601
1146 1601
1532 1601
543 1609
1397 1609
1546 1609
625 1621
1373 1621
1514 1621
44 1637
289 1637
1031 1637
962 1669
1102 1669
1552 1669
337 1721
1164 1721
1654 1721
941 1723
1218 1723
1574 1723
148 1733
542 1733
754 1733
373 1759
651 1759
1028 1759
279 1783
552 1783
1249 1783
853 1787
1113 1787
1310 1787
94 1811
303 1811
1112 1811
64 1847
1504 1847
1818 1847
730 1867
1639 1867
1676 1867
403 1873
1820 1873
1835 1873
530 1877
1188 1877
1723 1877
38 1889
424 1889
1112 1889
676 1933
1714 1933
1798 1933
