1 2
2 3
1 5
2 5
1 7
2 7
3 7
5 7
6 17
7 17
13 17
15 17
16 59
31 59
35 59
39 59
13 73
14 73
21 73
33 73
17 89
34 89
41 89
51 89
3 127
21 127
47 127
77 127
57 167
104 167
107 167
135 167
20 179
63 179
85 179
152 179
27 181
54 181
62 181
124 181
7 191
30 191
35 191
150 191
62 227
108 227
150 227
199 227
35 229
104 229
120 229
193 229
5 251
25 251
62 251
168 251
157 307
204 307
231 307
263 307
32 311
34 311
98 311
119 311
80 337
180 337
238 337
293 337
73 347
183 347
203 347
247 347
19 373
83 373
182 373
265 373
249 379
259 379
293 379
349 379
43 389
179 389
251 389
294 389
6 401
110 401
167 401
257 401
8 449
28 449
74 449
270 449
59 503
65 503
414 503
422 503
59 503
65 503
414 503
422 503
255 557
296 557
320 557
366 557
29 563
165 563
365 563
445 563
29 613
91 613
539 613
549 613
209 619
348 619
477 619
534 619
13 673
189 673
440 673
600 673
188 691
520 691
592 691
623 691
105 733
548 733
611 733
730 733
19 751
305 751
415 751
506 751
15 787
341 787
368 787
679 787
370 827
573 827
757 827
808 827
59 857
149 857
440 857
719 857
321 877
362 877
452 877
812 877
394 911
526 911
674 911
827 911
291 937
388 937
494 937
790 937
282 1033
406 1033
617 1033
859 1033
98 1039
528 1039
546 1039
550 1039
70 1049
361 1049
517 1049
725 1049
128 1063
627 1063
753 1063
1051 1063
30 1097
406 1097
893 1097
969 1097
102 1117
334 1117
384 1117
1101 1117
91 1223
237 1223
338 1223
1055 1223
378 1279
679 1279
763 1279
939 1279
41 1291
414 1291
614 1291
909 1291
341 1301
826 1301
843 1301
1203 1301
349 1321
484 1321
842 1321
1092 1321
519 1447
634 1447
980 1447
1350 1447
582 1489
646 1489
1027 1489
1236 1489
34 1493
191 1493
981 1493
988 1493
20 1499
712 1499
923 1499
1391 1499
68 1511
1075 1511
1083 1511
1411 1511
198 1571
224 1571
263 1571
1329 1571
548 1583
704 1583
1384 1583
1570 1583
129 1613
303 1613
716 1613
819 1613
231 1621
324 1621
813 1621
1014 1621
108 1627
917 1627
1047 1627
1234 1627
76 1667
998 1667
1248 1667
1482 1667
220 1693
444 1693
758 1693
1489 1693
105 1699
472 1699
1610 1699
1690 1699
14 1721
383 1721
799 1721
1548 1721
31 1723
170 1723
528 1723
1049 1723
414 1733
1542 1733
1547 1733
1643 1733
485 1777
665 1777
1244 1777
1772 1777
116 1901
1047 1901
1352 1901
1704 1901
473 1933
678 1933
1273 1933
1866 1933
142 1951
158 1951
688 1951
1269 1951
142 1951
158 1951
688 1951
1269 1951
23 1987
133 1987
620 1987
1771 1987
226 2087
307 2087
690 2087
1713 2087
226 2087
307 2087
690 2087
1713 2087
