1 3
2 3
3 13
7 41
25 41
37 41
39 41
1 43
15 43
18 43
22 43
14 67
26 67
56 67
59 67
32 83
46 83
67 83
75 83
33 89
42 89
75 89
86 89
14 107
39 107
42 107
82 107
29 163
48 163
54 163
85 163
7 227
63 227
109 227
198 227
74 241
119 241
134 241
234 241
60 281
72 281
105 281
230 281
8 283
188 283
231 283
232 283
5 307
87 307
153 307
163 307
91 347
245 347
291 347
297 347
21 401
26 401
309 401
311 401
48 409
76 409
166 409
254 409
18 443
122 443
209 443
388 443
90 449
144 449
226 449
287 449
169 467
249 467
411 467
415 467
21 521
159 521
307 521
380 521
85 523
308 523
370 523
456 523
